,Sc1_A_1,Sc1_A_2,Sc1_A_3,Sc1_A_4,Sc1_A_5,Sc1_A_6,Sc1_A_7,Sc1_A_8,Sc1_A_9,Sc1_A_10,Sc1_A_11,Sc1_A_12,Sc1_A_13,Sc1_A_14,Sc1_A_15,Sc1_A_16,Sc1_A_17,Sc1_A_18,Sc1_A_19,Sc1_A_20,Sc1_B_1,Sc1_B_2,Sc1_B_3,Sc1_B_4,Sc1_B_5,Sc1_B_6,Sc1_B_7,Sc1_B_8,Sc1_B_9,Sc1_B_10,Sc1_B_11,Sc1_B_12,Sc1_B_13,Sc1_B_14,Sc1_B_15,Sc1_B_16,Sc1_B_17,Sc1_B_18,Sc1_B_19,Sc1_B_20,Sc1_C_1,Sc1_C_2,Sc1_C_3,Sc1_C_4,Sc1_C_5,Sc1_C_6,Sc1_C_7,Sc1_C_8,Sc1_C_9,Sc1_C_10,Sc1_C_11,Sc1_C_12,Sc1_C_13,Sc1_C_14,Sc1_C_15,Sc1_C_16,Sc1_C_17,Sc1_C_18,Sc1_C_19,Sc1_C_20
Sc1_A_1,0.0,0.0037272129038317114,0.0035553080617718447,0.003825742441339819,0.004539858263186258,0.0045376531895267025,0.00349037302603894,0.004736773283954943,0.003458021498060404,0.0039708491328636075,0.0028017866945747594,0.004359610017986015,0.0037166036351892195,0.003672812218484367,0.004697125641868527,0.005296521236815233,0.003551580191048287,0.00378591365110148,0.0038570034738986125,0.004225939457596528,0.07611407637711887,0.06302271477212229,0.07056287268338768,0.06891010155235189,0.06658707371239092,0.06880689085659175,0.06853241183672787,0.058844009232825956,0.06404039809084816,0.06770022121876806,0.06798327200289278,0.07175609957916318,0.0640971295019016,0.06377424910798324,0.07032024247817126,0.06090345198759595,0.07257109724826516,0.06123966331665942,0.063456063386365,0.07185302176052288,0.06507973055472338,0.07210097134710902,0.06706392345765155,0.0633139975575654,0.06593162656563767,0.0652283179575186,0.06810770706981228,0.06471025857818025,0.06480100230250896,0.0681096240233402,0.06959984232136462,0.06906067943150629,0.06650449924007751,0.06857760897417686,0.07142379837246526,0.06260506658098874,0.06907412336406804,0.06386766671993804,0.06911560285497109,0.068739992794556
Sc1_A_2,0.0037272129038317114,0.0,0.004400689686502535,0.005355825817631499,0.004786082737616937,0.004777387002367073,0.003636367787757111,0.0028651368190675264,0.0037569318146808417,0.003790217581059574,0.0037913100741497896,0.004320985117677867,0.003907614442874574,0.003479098915485146,0.00619298982620986,0.005362327171200554,0.004246733138333458,0.0030390099548358585,0.0036687627117003574,0.004342814631737801,0.0727704187854421,0.05986974718640803,0.06764854408664422,0.06743506628876916,0.06249047424709031,0.06498021316428604,0.06603436220524517,0.05754886108848589,0.06200341875148818,0.06457291273432075,0.06690099185831366,0.06859484063014987,0.06188670234685656,0.061938230129720995,0.06663409172625112,0.05845429383244927,0.07005239216920589,0.0588979575103562,0.06139076551777356,0.06804037898108184,0.06437328845512624,0.07224651420358108,0.06637992863964537,0.06333298510277108,0.06556030713160899,0.06482112458223921,0.06763542298681668,0.06413540698557274,0.06434856262246647,0.067801379509555,0.06899037658062779,0.06871973753424454,0.0665239988522417,0.06737806213472142,0.07117352383682296,0.062036876192989365,0.06860265450105862,0.0640787581964386,0.06861070088979537,0.06814756706962954
Sc1_A_3,0.0035553080617718447,0.004400689686502535,0.0,0.003426486429608744,0.0030503584352690183,0.003752349484968831,0.0037730885970218564,0.0036593746255775272,0.002724194574469041,0.0030812139963430907,0.0030088541663483293,0.004327947319027192,0.004862132618958959,0.003559198287968579,0.005932471845878529,0.002822826185431504,0.0029153878188175053,0.00417965444205004,0.0029017726211754136,0.0029214677078713835,0.07026992588215542,0.0586740192250228,0.06520958865929205,0.06437368167068702,0.06133483287509611,0.06382440079094509,0.06266134551238245,0.05497553313547787,0.0600027911102623,0.06230945673799937,0.06342080660819749,0.065708303624877,0.05822693089740749,0.059074444816340055,0.0644810436288592,0.05519773457102506,0.0670663153594605,0.057365596844487055,0.059182977626637046,0.06649363174349077,0.05807575093579076,0.06480413460346779,0.0604140794057082,0.05660245518812568,0.059636177486710684,0.05852518560214193,0.06118820323413732,0.05742851415099981,0.05776296775300327,0.06162313411815812,0.062109294441578644,0.062365408018137614,0.059929117155934186,0.06168331356657519,0.06382408691150943,0.05613465943655149,0.06205689253539792,0.057319265439784606,0.06250660103436534,0.0615160966434356
Sc1_A_4,0.003825742441339819,0.005355825817631499,0.003426486429608744,0.0,0.004419607943670467,0.0033997750163219376,0.003962971216122879,0.005315280758794061,0.002804666293934943,0.004366849883539858,0.004452394365240808,0.005090194176531226,0.0045390990552119925,0.004070897884760893,0.005027177051191489,0.004384471740189411,0.0042806164471325125,0.004651721735205783,0.004806167998956168,0.005489377177009924,0.07391740063910901,0.06121363118239442,0.06861064301798014,0.066048214319822,0.06387263806171306,0.06715330422635446,0.06616676601333071,0.057183144268425745,0.06357512479060312,0.06537839362319864,0.0645817589790354,0.06902854033337535,0.061843946684563056,0.062305468918259166,0.06791992290630178,0.05755506773200758,0.07038713269445851,0.060179047992136026,0.06131766714153519,0.07079127672306296,0.05725022546972114,0.06333569446461962,0.05919406811786265,0.05586547282002341,0.058544167725501084,0.05804623618735416,0.05940238918826046,0.05593107531737007,0.05661788552527458,0.059848456634172154,0.06184285169732684,0.06124849851916114,0.058737289360431544,0.06039833075783674,0.06333068263051322,0.05457199967757842,0.06095798230360572,0.05629057115352931,0.06128553208910614,0.061130659463925485
Sc1_A_5,0.004539858263186258,0.004786082737616937,0.0030503584352690183,0.004419607943670467,0.0,0.004975231265037516,0.00465003490152649,0.004631531459366567,0.0031588144697429765,0.0046732889539788935,0.003273180682589638,0.005243615024322024,0.003748948984365841,0.004075315018438608,0.006384617779709334,0.0036043791888978882,0.004345834602668797,0.005348416260618327,0.004377292565383106,0.0037168947255719065,0.0759873561724208,0.0640792304430089,0.0701977010874999,0.0682228592194829,0.06680979592868186,0.06844309535033344,0.06892532088785774,0.05821458051432826,0.06613559908465849,0.0672166378200314,0.06733865517496496,0.07154633124907495,0.0620954196194593,0.06453796132305656,0.06949630603886214,0.06057058091850187,0.07265352960844473,0.061296509985923175,0.06349844134344784,0.07243753721669854,0.059039516849875295,0.06597711111825955,0.06112480160744582,0.05675968497218831,0.061013429365368244,0.05972235383993141,0.06222250144563912,0.05739951058119441,0.059120103749654485,0.06259578795379994,0.06375206667973288,0.06283596466896202,0.0609465246644425,0.062297507304775346,0.06486679651537486,0.05650865270274896,0.0633769337590665,0.058152790835397705,0.06305732622449578,0.06283338798443816
Sc1_A_6,0.0045376531895267025,0.004777387002367073,0.003752349484968831,0.0033997750163219376,0.004975231265037516,0.0,0.003292930061076782,0.004315408517610697,0.003309868526318205,0.0033161795211820166,0.004995351283116567,0.004274213601037635,0.004565151460687478,0.00420438109589516,0.004395415515759948,0.004148597940030863,0.0036973887437499187,0.0037443079055278217,0.004704236897107306,0.0049901527210849395,0.07005655145552403,0.05576970823632643,0.06428567914287253,0.0632978813384859,0.060546524157826354,0.06249606556490683,0.06347637802794093,0.05352664387390327,0.05940823901136716,0.06144686995093396,0.0611254440893777,0.06455886137182698,0.057639513161095834,0.05854987545327284,0.0641643231479595,0.05320275423695997,0.06668334972904444,0.0553783650950368,0.05642176626517159,0.06665896409824024,0.06052866441617799,0.0672739988152331,0.06280277286522684,0.059314163046586876,0.06199287781776286,0.06104000833165102,0.06279943094946772,0.05949791281550454,0.05993030454996495,0.06377615583221607,0.06519691663219274,0.0644705721779335,0.06209035351194814,0.06391286689749853,0.06694640485835313,0.057744951871776196,0.06444452278771706,0.05989750052494758,0.06432771007108207,0.06435710973115338
Sc1_A_7,0.00349037302603894,0.003636367787757111,0.0037730885970218564,0.003962971216122879,0.00465003490152649,0.003292930061076782,0.0,0.004097617572765833,0.0032285234957837305,0.0038789279757518447,0.004318958281754326,0.004833866989560676,0.002410104055611262,0.0029365026275133266,0.0041993392693980836,0.004685447806032084,0.002947436003974069,0.0033501095085186616,0.00419615780175242,0.004057324454784239,0.06991339969910149,0.05793022377736712,0.06480688956005154,0.06350383102761892,0.060883751277458265,0.06265084091047302,0.06386436967507891,0.05351072373783028,0.059530869099541306,0.06173150993007748,0.062167646443759605,0.06544318243128844,0.05813263070811925,0.058632352663971044,0.06456796697736777,0.0552129672679903,0.06695404578099118,0.05623304443426691,0.057734284729065166,0.06640618629731099,0.062031281943057515,0.06897694215137928,0.06457297400313022,0.06122054511808506,0.06381751279710501,0.06268607469414911,0.06488836072687432,0.06118978799212482,0.062222511433797534,0.06556365552717924,0.06659369592138042,0.06656122030651301,0.06407690960891854,0.06550871002270808,0.06897787635305053,0.060164150579686826,0.06632714341278267,0.061871447667776636,0.06631592973646616,0.0663617703937347
Sc1_A_8,0.004736773283954943,0.0028651368190675264,0.0036593746255775272,0.005315280758794061,0.004631531459366567,0.004315408517610697,0.004097617572765833,0.0,0.0031790023962557923,0.0035689628568020826,0.004438255271544067,0.004008619486625453,0.004374970986847693,0.003263199174066367,0.007901386129907428,0.004173456177739343,0.004166334383024495,0.0032141048892213586,0.004549369431780637,0.004222155273377215,0.08104638684120735,0.06771853486384494,0.07525147925013709,0.0750472093269513,0.07093431910457781,0.07261825483083195,0.07405167023719206,0.06371515912523407,0.06939768633364396,0.07225664109809538,0.07419093390993503,0.07649206048354351,0.06756949173065774,0.06930573421665998,0.074732633801874,0.06515849609093127,0.07814887788246838,0.06605973412446531,0.06875814727924301,0.07632164710672074,0.06850461659519169,0.07617246238430175,0.07121537658538268,0.06735052308859046,0.06994203092197127,0.06898187658950983,0.072138769731804,0.06777361565955897,0.06839083438145177,0.07236826877290492,0.07342654034634721,0.07321448804576414,0.07050788693418275,0.07183415657992365,0.07498891090156912,0.06569343887065571,0.07308793784276546,0.06802857958621022,0.07325606216054403,0.07209732837639893
Sc1_A_9,0.003458021498060404,0.0037569318146808417,0.002724194574469041,0.002804666293934943,0.0031588144697429765,0.003309868526318205,0.0032285234957837305,0.0031790023962557923,0.0,0.0032383592179001663,0.0036987160360308913,0.004369163700021272,0.0035717236847653266,0.002992557106231808,0.005228837305152889,0.0034547548799106487,0.0034912703249373456,0.004009683531570274,0.0033032315770664678,0.004050332323911721,0.07673478773126108,0.06365218809059492,0.07075653233289081,0.06895949170800342,0.06666716198909706,0.06839504909184246,0.06962055314672577,0.05935344370539375,0.06585064998192236,0.06773113794747676,0.06757612811689406,0.07151980862654927,0.06384772436993913,0.06458488592941214,0.07002382860861833,0.05978080676845143,0.07290408416941674,0.0619388050456664,0.06373547590194817,0.07295459361565648,0.06350091052595164,0.07064229030366964,0.06602729362378235,0.06229477082955681,0.06508355085870776,0.06434486352292335,0.06644128665173177,0.062229948234535426,0.063359096613269,0.0667532250486308,0.0682620966391988,0.06767506248339661,0.06529425545972689,0.06706405709074692,0.06989849033015172,0.061166644995360064,0.06788669220484078,0.06299330298430572,0.06789638833962264,0.06730119885012587
Sc1_A_10,0.0039708491328636075,0.003790217581059574,0.0030812139963430907,0.004366849883539858,0.0046732889539788935,0.0033161795211820166,0.0038789279757518447,0.0035689628568020826,0.0032383592179001663,0.0,0.004520946537700299,0.004397035593832199,0.0040440253833426976,0.002984730640999911,0.0059408575584698475,0.004337731651128607,0.003500252692458572,0.0034661538454713314,0.002944899040464577,0.003873092452865712,0.07529989236967527,0.06280894947999349,0.06994452151144559,0.06903109946274821,0.06547279565733077,0.06746092628728695,0.06814252008134325,0.05924299288363133,0.06427878768669926,0.06691240786282115,0.06804348374664948,0.07102307598420043,0.06272272737219631,0.0635552681383953,0.06936001614310872,0.05876782587136131,0.07236192585461731,0.060883353208016855,0.06334023672037759,0.0713143996485015,0.061746942956178996,0.0691779803784287,0.06424361118832711,0.06088620782571097,0.0629221592246264,0.06245696991127048,0.06509210631442253,0.061143586892980606,0.06137706116949859,0.06526818687226876,0.06632637437848443,0.06614795619128122,0.0636834043518153,0.0649828285892271,0.06847439995868665,0.05992912133666939,0.0657397188702501,0.06152371910340981,0.06619845263062119,0.06520462881587574
Sc1_A_11,0.0028017866945747594,0.0037913100741497896,0.0030088541663483293,0.004452394365240808,0.003273180682589638,0.004995351283116567,0.004318958281754326,0.004438255271544067,0.0036987160360308913,0.004520946537700299,0.0,0.0057094420486825115,0.004360730065652185,0.003727922978604803,0.0063438740482189004,0.004383789939099825,0.004283951368791339,0.004590733356318544,0.00410136755906132,0.0037529066615922257,0.07705666850414017,0.06523269805689991,0.07151880961210744,0.07006986783841984,0.0673023170382453,0.06922994422204853,0.06929186570968127,0.06079271699998101,0.06613417594181514,0.06844562091211692,0.06927691690335203,0.07258057426991327,0.06496844177570771,0.06546555834277046,0.07108996534284517,0.061887596630733954,0.07388029468216206,0.06304090492931014,0.06516433017680656,0.07317369297262555,0.06424065555187353,0.07137371554155447,0.06670548083879047,0.06231614423694787,0.06566899739017085,0.0643446232638516,0.06735197584936947,0.06348607976057252,0.0641194187427625,0.06768429116750374,0.06842963885463027,0.0684092985049295,0.06598373748999609,0.06740898959598407,0.07024638867702837,0.06180239212282734,0.06851293168017736,0.06318520122357096,0.0687446420152561,0.06756165488241916
Sc1_A_12,0.004359610017986015,0.004320985117677867,0.004327947319027192,0.005090194176531226,0.005243615024322024,0.004274213601037635,0.004833866989560676,0.004008619486625453,0.004369163700021272,0.004397035593832199,0.0057094420486825115,0.0,0.00438207068351304,0.005319143775124768,0.006313486226584564,0.0055036164607366045,0.0040009613992152415,0.0034747923956299775,0.004859428670484944,0.0057423818180489805,0.0743811356914792,0.06002997030517643,0.0680381420205387,0.06742889936295637,0.06591738021333204,0.06686581009708104,0.06801263930596502,0.05538954944594221,0.06249426916577616,0.06616879609493809,0.06678580549196556,0.06981458566144338,0.06014898433857496,0.06259749594462038,0.06852694034320106,0.05900446988857955,0.07080467600494389,0.05639995333871495,0.06089646097702717,0.07030885516651808,0.06144293844899218,0.06825696384462421,0.0636709798530758,0.06044890512701895,0.06312973868034932,0.062153334315060205,0.06481051566167406,0.060723293562946035,0.06151141288940176,0.06449605995107976,0.06692444262325514,0.06563528679780062,0.06355876745308664,0.06515631586743897,0.06776350164779754,0.05866179818398232,0.0659979941069514,0.060679438331039615,0.06593504738729739,0.06568530306435993
Sc1_A_13,0.0037166036351892195,0.003907614442874574,0.004862132618958959,0.0045390990552119925,0.003748948984365841,0.004565151460687478,0.002410104055611262,0.004374970986847693,0.0035717236847653266,0.0040440253833426976,0.004360730065652185,0.00438207068351304,0.0,0.0030240151140072946,0.004858567382621137,0.004619991263576595,0.003437199035437155,0.0035146995239151435,0.004783519467392194,0.004884244439432361,0.07526280520072759,0.06284973647522896,0.06886643795852809,0.06816508749887795,0.06597404620365421,0.06680773553532215,0.06917137562125819,0.056761454447850745,0.06479224127175043,0.06610035856235608,0.06739265492322344,0.07042656837247097,0.06242090259782207,0.06329330255251542,0.0696110623876488,0.060685686969186525,0.07182745406623636,0.0598935343359146,0.062413021506153576,0.07184123237794293,0.06403721641836391,0.07113477903475363,0.0664666220208936,0.0629741875644878,0.06615447559937282,0.06489995691379713,0.0671379794898973,0.06310150906908185,0.06428053762197317,0.06758408451996811,0.06916015636343942,0.06835089643098358,0.06620104340285571,0.06760019651219729,0.07124268564769731,0.0617500276146421,0.06858964770819631,0.06397156703183915,0.06839892100688494,0.06849951939838073
Sc1_A_14,0.003672812218484367,0.003479098915485146,0.003559198287968579,0.004070897884760893,0.004075315018438608,0.00420438109589516,0.0029365026275133266,0.003263199174066367,0.002992557106231808,0.002984730640999911,0.003727922978604803,0.005319143775124768,0.0030240151140072946,0.0,0.006398847557877008,0.003139690983273602,0.0035847193111603337,0.0036717233384873094,0.0035346751854967717,0.0037045988950412667,0.07911734301065709,0.06709558462658738,0.07356541389259574,0.07285457031348963,0.06867182008908301,0.07102401846613726,0.0724379221700332,0.06245660612823456,0.06841613913245781,0.07073229463579644,0.07169717044465262,0.0742970942965796,0.06767305429544979,0.06730025660316497,0.07359510633434241,0.06346172589838006,0.07636425167080996,0.06583140453963332,0.06745841537697062,0.07535574429089753,0.06741380599565672,0.07491922041423837,0.0696505178483462,0.06592836333489505,0.06889089130283466,0.06803303527570359,0.07055621749146501,0.06644832464196126,0.06721095912142017,0.07080727696689892,0.07178502095374606,0.0718036591461344,0.06909231284605843,0.07078226236878593,0.07391081111502407,0.06501827193432064,0.07140631434582634,0.06696271069222626,0.07184900809572836,0.07112130222254354
Sc1_A_15,0.004697125641868527,0.00619298982620986,0.005932471845878529,0.005027177051191489,0.006384617779709334,0.004395415515759948,0.0041993392693980836,0.007901386129907428,0.005228837305152889,0.0059408575584698475,0.0063438740482189004,0.006313486226584564,0.004858567382621137,0.006398847557877008,0.0,0.0076726723858172585,0.0052700547219382,0.005935273336951763,0.006316780549054712,0.006645432058407508,0.05928561837875368,0.046718091371362624,0.05371219172103736,0.050593033876702886,0.05102240128597613,0.050999788266838375,0.05324242839860194,0.04287788142923754,0.05008889200017075,0.05085073009020413,0.04774085634327685,0.054662255770587365,0.04756665002952798,0.04876317377590911,0.053577568482894966,0.04518595587874552,0.055817579513570914,0.04532417468529326,0.04414775283625505,0.056297821238419754,0.056014141007763696,0.06231075975581468,0.057609471434044046,0.054794918576290375,0.05725970563007432,0.05655791263316423,0.05759121657627775,0.055257291266925135,0.055829645578687526,0.059016368657272,0.060471168237432926,0.059742043114542565,0.05765350734704677,0.059247881614339026,0.06252919028730552,0.053999368106093515,0.05988003710159384,0.055411201515479847,0.058749675174386784,0.05979496815397545
Sc1_A_16,0.005296521236815233,0.005362327171200554,0.002822826185431504,0.004384471740189411,0.0036043791888978882,0.004148597940030863,0.004685447806032084,0.004173456177739343,0.0034547548799106487,0.004337731651128607,0.004383789939099825,0.0055036164607366045,0.004619991263576595,0.003139690983273602,0.0076726723858172585,0.0,0.004697839232176704,0.005297452812054848,0.00527854016126017,0.0053487323133188935,0.07992248973477378,0.06757485225564441,0.07448332425361115,0.07366021962789926,0.07013927687110788,0.0728698468180623,0.0735622487734442,0.06302427172466762,0.06919981951592413,0.07119545709499064,0.07250747414867043,0.07483217538131481,0.06826541426026167,0.06875739977379602,0.07479155621972156,0.06423646603566724,0.07679690388737181,0.06595102505728945,0.06825791745777243,0.07716683581919004,0.06653302367526148,0.07393762528875336,0.06913624127216833,0.06455854575131237,0.06862442188901341,0.06714117557395627,0.06956887332913075,0.06537003412276865,0.06635835705680804,0.07008093565156825,0.07107247618039136,0.07069345226524482,0.06861795323944375,0.07030921778004606,0.07269232755372279,0.0638006442655279,0.07056495493339732,0.0657668601563326,0.07128991789923156,0.07038594438644008
Sc1_A_17,0.003551580191048287,0.004246733138333458,0.0029153878188175053,0.0042806164471325125,0.004345834602668797,0.0036973887437499187,0.002947436003974069,0.004166334383024495,0.0034912703249373456,0.003500252692458572,0.004283951368791339,0.0040009613992152415,0.003437199035437155,0.0035847193111603337,0.0052700547219382,0.004697839232176704,0.0,0.0038121989547403867,0.003937895542335812,0.0037308862121259168,0.06888459990002249,0.05695055541130445,0.0637777776905768,0.06346215556622203,0.060409299223912916,0.06238266072073895,0.06171433717990682,0.05396105915985627,0.058464033412415684,0.0612543715593189,0.06227471469126855,0.06430927116542362,0.05720157692940875,0.058137537353619484,0.06339312687369236,0.05462185351489901,0.06596549485773351,0.05538807811016233,0.05848289820899133,0.0652334763153819,0.06052168612555975,0.06733041183326849,0.06270888466814573,0.05954443798435771,0.06235567876021897,0.061033651053583604,0.06368790847339245,0.05999750512419599,0.06040970125820966,0.06425403042282885,0.06441534636072865,0.06523299416518458,0.06294233488171219,0.06441789901851613,0.06695458502300133,0.05858610816924803,0.06462576851494672,0.060076209320820584,0.06527497943548166,0.06436186572276692
Sc1_A_18,0.00378591365110148,0.0030390099548358585,0.00417965444205004,0.004651721735205783,0.005348416260618327,0.0037443079055278217,0.0033501095085186616,0.0032141048892213586,0.004009683531570274,0.0034661538454713314,0.004590733356318544,0.0034747923956299775,0.0035146995239151435,0.0036717233384873094,0.005935273336951763,0.005297452812054848,0.0038121989547403867,0.0,0.004532318485336528,0.004663535160323917,0.07428552252644427,0.06086521810472101,0.06852948569012085,0.06761963352416067,0.06536977804470434,0.06642052481539795,0.06772152537837639,0.05732979587822529,0.06266589623012109,0.06561257202367599,0.06707984872647688,0.06962934084908101,0.06212244392872179,0.06292299674139079,0.06906636192002658,0.05874330584342147,0.0712369385837962,0.059420432731478456,0.06187728461794073,0.07064161399811086,0.062386946641413754,0.06931666264631609,0.06491317094447313,0.06110395979042016,0.06348402023213551,0.06265840066528672,0.06532957702393993,0.061755613000916254,0.06198502242891479,0.06578338569857034,0.06694151387412761,0.06657896079902426,0.06408197393579984,0.06569199060805853,0.0689200476487587,0.059611983978447025,0.06638076264960302,0.061646012586051735,0.06656387242144202,0.0659841755074233
Sc1_A_19,0.0038570034738986125,0.0036687627117003574,0.0029017726211754136,0.004806167998956168,0.004377292565383106,0.004704236897107306,0.00419615780175242,0.004549369431780637,0.0033032315770664678,0.002944899040464577,0.00410136755906132,0.004859428670484944,0.004783519467392194,0.0035346751854967717,0.006316780549054712,0.00527854016126017,0.003937895542335812,0.004532318485336528,0.0,0.002930345780988497,0.07095858026898949,0.059273196506665404,0.06593239502699255,0.06451773689307594,0.061031853251613644,0.06327701434440147,0.06318629638145568,0.055377888215693005,0.06021841685915952,0.06247282271207588,0.06448339399316794,0.06642734462372324,0.05841442692192611,0.059200694725344505,0.06426210044514025,0.05475788678991522,0.06740248092835766,0.0569571643429545,0.06000048830135185,0.06637065881752324,0.05664347303702266,0.06389765222689614,0.0591342056034887,0.05543806342676272,0.058291104794031434,0.057300169038990156,0.05974620191318769,0.0563020903564484,0.05672866298761303,0.0603817224199249,0.061141487915592374,0.06094909023310913,0.05835430409940334,0.059897924970139016,0.06331196865326472,0.054799920955521664,0.06076481626000341,0.056373255110527376,0.06081659697448338,0.06016389364215191
Sc1_A_20,0.004225939457596528,0.004342814631737801,0.0029214677078713835,0.005489377177009924,0.0037168947255719065,0.0049901527210849395,0.004057324454784239,0.004222155273377215,0.004050332323911721,0.003873092452865712,0.0037529066615922257,0.0057423818180489805,0.004884244439432361,0.0037045988950412667,0.006645432058407508,0.0053487323133188935,0.0037308862121259168,0.004663535160323917,0.002930345780988497,0.0,0.07196962542267749,0.059584763023366016,0.0660390556870234,0.06461901952019267,0.0622903965684507,0.06397657058420325,0.06377419471409707,0.05547120869818922,0.06105328961290657,0.06324651469296494,0.06475471440993386,0.06764432528242603,0.05765891328940076,0.05984950125101163,0.06511379933426797,0.05621854572289131,0.06856803662384825,0.057825045441351475,0.06034151360172024,0.06697116730407049,0.057242666398990116,0.06485779309322826,0.05967026849599888,0.0556931828861188,0.058811273891284266,0.05740732380308744,0.0610215461791388,0.05716170773133955,0.05749447165092936,0.061323030542416945,0.06134204330001225,0.06154751362087152,0.05913626258667193,0.06026175461872563,0.06303423062049718,0.0556389755737039,0.06156472282687986,0.05652159975263171,0.06148173268939394,0.06057164910044088
Sc1_B_1,0.07611407637711887,0.0727704187854421,0.07026992588215542,0.07391740063910901,0.0759873561724208,0.07005655145552403,0.06991339969910149,0.08104638684120735,0.07673478773126108,0.07529989236967527,0.07705666850414017,0.0743811356914792,0.07526280520072759,0.07911734301065709,0.05928561837875368,0.07992248973477378,0.06888459990002249,0.07428552252644427,0.07095858026898949,0.07196962542267749,0.0,0.0058641542164386,0.005415086104291977,0.007941536630855062,0.0040157017855747545,0.005328733961223131,0.006235375265598364,0.009582197297678952,0.0058166610423247,0.004830086704883163,0.009729712280109881,0.0036402948887881426,0.008564893317462907,0.0062907524529083325,0.004026200970157157,0.006734530100445002,0.0032842568243444115,0.008906773172168703,0.008889453112805978,0.004340646066838705,0.061127229159490426,0.06215748839583646,0.05959192391394019,0.061663235312311215,0.0607855633062625,0.05944771422062756,0.05840672710920758,0.060723868798597036,0.06004912272606977,0.063439514777067,0.05883006155375914,0.06403018657916626,0.06356959048674993,0.06147938685477472,0.06493450928767008,0.06195824155428853,0.06179141950123512,0.06084093594204476,0.0598989518827131,0.0626877624797092
Sc1_B_2,0.06302271477212229,0.05986974718640803,0.0586740192250228,0.06121363118239442,0.0640792304430089,0.05576970823632643,0.05793022377736712,0.06771853486384494,0.06365218809059492,0.06280894947999349,0.06523269805689991,0.06002997030517643,0.06284973647522896,0.06709558462658738,0.046718091371362624,0.06757485225564441,0.05695055541130445,0.06086521810472101,0.059273196506665404,0.059584763023366016,0.0058641542164386,0.0,0.00422650435592864,0.0067975217898662565,0.005105070777551846,0.00459986197458917,0.005432557257140758,0.007103948923302461,0.0060211140005822505,0.0034786454970439085,0.007236784804840801,0.004432302957233958,0.005540658640355689,0.004460998258366211,0.0039133436247223985,0.003950627525064254,0.004027277735826784,0.004753111414647182,0.003994261666810495,0.00504465961699796,0.053345577819956524,0.0549114235838698,0.05219685450127065,0.05411472459152611,0.052832125587851664,0.051866009206047003,0.051131976523903666,0.05287754567441616,0.05227027286883179,0.05549780305680285,0.052464945378212335,0.05620843597754133,0.05549179590834363,0.053936698619788004,0.057706402562667125,0.05366904288616703,0.05437311543323109,0.05293573983963762,0.05259501876065764,0.05542725303913898
Sc1_B_3,0.07056287268338768,0.06764854408664422,0.06520958865929205,0.06861064301798014,0.0701977010874999,0.06428567914287253,0.06480688956005154,0.07525147925013709,0.07075653233289081,0.06994452151144559,0.07151880961210744,0.0680381420205387,0.06886643795852809,0.07356541389259574,0.05371219172103736,0.07448332425361115,0.0637777776905768,0.06852948569012085,0.06593239502699255,0.0660390556870234,0.005415086104291977,0.00422650435592864,0.0,0.005402617685542621,0.005276609967174495,0.002278396891410628,0.004851190150176654,0.006645677493002378,0.006914403199139385,0.0020322412313792393,0.007475885719573139,0.0035455536543314015,0.005628458717942708,0.003471086053805972,0.003665839352899436,0.005165348511123491,0.003282727458210455,0.005922184160265576,0.006156081445995776,0.004295186346110702,0.05570100176189874,0.05746090854299368,0.054577186598145144,0.056904510803816866,0.05533260128387463,0.05435856633074454,0.05364476205582369,0.05547155579073915,0.055212176595316964,0.05853483027173645,0.054295267762553334,0.0589157684718129,0.058192483753148116,0.056490421113842504,0.059855783740320634,0.05693193984741862,0.05695921517449609,0.055921154720366295,0.05535950580392779,0.057624298595776224
Sc1_B_4,0.06891010155235189,0.06743506628876916,0.06437368167068702,0.066048214319822,0.0682228592194829,0.0632978813384859,0.06350383102761892,0.0750472093269513,0.06895949170800342,0.06903109946274821,0.07006986783841984,0.06742889936295637,0.06816508749887795,0.07285457031348963,0.050593033876702886,0.07366021962789926,0.06346215556622203,0.06761963352416067,0.06451773689307594,0.06461901952019267,0.007941536630855062,0.0067975217898662565,0.005402617685542621,0.0,0.007492694644333886,0.004990430257688749,0.005395702845285455,0.006245356513917333,0.008973751050664225,0.004054391172584326,0.0036082845653708784,0.006908841297949775,0.005492559404029929,0.006481617558462216,0.0042618243144615375,0.004486371793849142,0.004843547777339863,0.006236575791383037,0.004752979213583197,0.006072960148546969,0.04863477865963883,0.04996877644700204,0.047796767604051826,0.04966415290156956,0.04839078376555328,0.04768895522344763,0.0466737187332098,0.04838338835785094,0.04834120464977232,0.05173925268348012,0.047318677306228296,0.05156811297365982,0.051131983538695414,0.04929492097167254,0.05275310441057712,0.05011547780102288,0.04996651950203712,0.04852569887039526,0.04757281365078603,0.05052370649514237
Sc1_B_5,0.06658707371239092,0.06249047424709031,0.06133483287509611,0.06387263806171306,0.06680979592868186,0.060546524157826354,0.060883751277458265,0.07093431910457781,0.06666716198909706,0.06547279565733077,0.0673023170382453,0.06591738021333204,0.06597404620365421,0.06867182008908301,0.05102240128597613,0.07013927687110788,0.060409299223912916,0.06536977804470434,0.061031853251613644,0.0622903965684507,0.0040157017855747545,0.005105070777551846,0.005276609967174495,0.007492694644333886,0.0,0.004535272347592212,0.004349124090491818,0.009654915348147997,0.004749516578942514,0.0037701147904649623,0.009257500140080865,0.004629914676528957,0.007964748295559931,0.004156588971187647,0.003223464654832031,0.005421314951948419,0.0032976798331223467,0.008778589405415316,0.008516961262580502,0.003877646837727289,0.05430499775541231,0.05586052526801888,0.05300293013971791,0.05514271568844442,0.05370817353801671,0.05287310629906783,0.05219006290756811,0.05426522362573116,0.053458024885535416,0.057110344077529684,0.05205923906893539,0.05762154927005336,0.056657109617578416,0.054768793008594274,0.05875638652154469,0.05545831700629633,0.05493133202061362,0.0547806312503456,0.054085211736913164,0.055951637779629415
Sc1_B_6,0.06880689085659175,0.06498021316428604,0.06382440079094509,0.06715330422635446,0.06844309535033344,0.06249606556490683,0.06265084091047302,0.07261825483083195,0.06839504909184246,0.06746092628728695,0.06922994422204853,0.06686581009708104,0.06680773553532215,0.07102401846613726,0.050999788266838375,0.0728698468180623,0.06238266072073895,0.06642052481539795,0.06327701434440147,0.06397657058420325,0.005328733961223131,0.00459986197458917,0.002278396891410628,0.004990430257688749,0.004535272347592212,0.0,0.005344906723708243,0.006175045079284236,0.0071450445982533806,0.002140065381483036,0.00606692285710364,0.004359134929870168,0.005232117849760076,0.003996341911231105,0.003142198718582012,0.004778170347086497,0.003757896906420255,0.005935244022253761,0.004982531795652334,0.0036958899494244912,0.055768021549717384,0.05760967381252369,0.05449416141404129,0.05651314316111966,0.055277802150460964,0.05434596492021937,0.05356737730964656,0.055433580489482215,0.05517051375277782,0.0586783540926189,0.05438561377255413,0.058927274630248605,0.05792031179111523,0.056517714694181986,0.060460378811421855,0.05700434474788729,0.0570928160875771,0.056005347361560376,0.05477645454112734,0.05728621001123324
Sc1_B_7,0.06853241183672787,0.06603436220524517,0.06266134551238245,0.06616676601333071,0.06892532088785774,0.06347637802794093,0.06386436967507891,0.07405167023719206,0.06962055314672577,0.06814252008134325,0.06929186570968127,0.06801263930596502,0.06917137562125819,0.0724379221700332,0.05324242839860194,0.0735622487734442,0.06171433717990682,0.06772152537837639,0.06318629638145568,0.06377419471409707,0.006235375265598364,0.005432557257140758,0.004851190150176654,0.005395702845285455,0.004349124090491818,0.005344906723708243,0.0,0.0088322531585312,0.0071756936251634595,0.003534327174163243,0.0074314122533813975,0.004694360197231795,0.0058684449376303904,0.0040943397225119416,0.002983283945006021,0.004233275721079011,0.0035722609838748642,0.00755081951989911,0.007536884610480632,0.004423154771150073,0.046676795839354246,0.047305591012867354,0.04589848481582548,0.047798049187007696,0.04611092297608943,0.04522508058282826,0.04461064114677982,0.04691978903745775,0.04615706221356952,0.049485267525940735,0.04396176215700942,0.04973122285595377,0.04904673511140378,0.04740549782890302,0.05043289141184348,0.048476834719711204,0.04720337520053697,0.04695049926162287,0.046723405898969506,0.04810026816155988
Sc1_B_8,0.058844009232825956,0.05754886108848589,0.05497553313547787,0.057183144268425745,0.05821458051432826,0.05352664387390327,0.05351072373783028,0.06371515912523407,0.05935344370539375,0.05924299288363133,0.06079271699998101,0.05538954944594221,0.056761454447850745,0.06245660612823456,0.04287788142923754,0.06302427172466762,0.05396105915985627,0.05732979587822529,0.055377888215693005,0.05547120869818922,0.009582197297678952,0.007103948923302461,0.006645677493002378,0.006245356513917333,0.009654915348147997,0.006175045079284236,0.0088322531585312,0.0,0.01103396873511564,0.006461770658064303,0.007354127847709946,0.009094842774386103,0.0041895734743537805,0.00670916742720884,0.007491695781205343,0.00646170817985503,0.0074385942466012045,0.0047912823584213005,0.0052191575417499525,0.009210722589704012,0.05086131871971533,0.052050725583206,0.049895695679562646,0.05126370190113949,0.05092773947579632,0.05017322445658534,0.04889387026180059,0.04989608557765357,0.050061611475151535,0.05332375747447482,0.050776929748223676,0.05386802810320257,0.05291458259488746,0.05209657302004189,0.05581652774337453,0.051285646811863095,0.05275323897161921,0.050686688457223794,0.04987485361359845,0.053111208834554
Sc1_B_9,0.06404039809084816,0.06200341875148818,0.0600027911102623,0.06357512479060312,0.06613559908465849,0.05940823901136716,0.059530869099541306,0.06939768633364396,0.06585064998192236,0.06427878768669926,0.06613417594181514,0.06249426916577616,0.06479224127175043,0.06841613913245781,0.05008889200017075,0.06919981951592413,0.058464033412415684,0.06266589623012109,0.06021841685915952,0.06105328961290657,0.0058166610423247,0.0060211140005822505,0.006914403199139385,0.008973751050664225,0.004749516578942514,0.0071450445982533806,0.0071756936251634595,0.01103396873511564,0.0,0.006021993569135797,0.012091613610905272,0.006929407906669516,0.008809849543687465,0.006067850712920708,0.005903674083806543,0.007420475868535559,0.004412055889606248,0.007991704951264111,0.009867452797758691,0.005415483746102012,0.055251559850743925,0.0566523878513554,0.05431374563807878,0.055610185691551406,0.05423907891327928,0.053086691433804734,0.05355346651406634,0.05506287625823869,0.05413973466144195,0.05754956374183817,0.05348498771848631,0.05790074478246687,0.05704430977046726,0.05584859092921157,0.058930306101105945,0.05572703899217257,0.05580572492196001,0.054551845457705195,0.05479810822917841,0.05662637865932085
Sc1_B_10,0.06770022121876806,0.06457291273432075,0.06230945673799937,0.06537839362319864,0.0672166378200314,0.06144686995093396,0.06173150993007748,0.07225664109809538,0.06773113794747676,0.06691240786282115,0.06844562091211692,0.06616879609493809,0.06610035856235608,0.07073229463579644,0.05085073009020413,0.07119545709499064,0.0612543715593189,0.06561257202367599,0.06247282271207588,0.06324651469296494,0.004830086704883163,0.0034786454970439085,0.0020322412313792393,0.004054391172584326,0.0037701147904649623,0.002140065381483036,0.003534327174163243,0.006461770658064303,0.006021993569135797,0.0,0.005906855685082091,0.003483025508138171,0.004739089687830433,0.0029180012798928345,0.002228994740870349,0.00340050220029231,0.0022518633816199785,0.00564949247486457,0.004947784135207467,0.003041426480365317,0.05185744725534813,0.05341519127745342,0.050988696809066036,0.052622766338849436,0.05142833248212442,0.05045834217587841,0.04961127408298094,0.0513552592547194,0.05122771531627379,0.054602527907018916,0.05031718015967368,0.055020215262563066,0.054112644174319935,0.052340375254723015,0.05616036695667648,0.05310906421641448,0.052935275549627625,0.052078317974075694,0.05113112939928599,0.053604317928491185
Sc1_B_11,0.06798327200289278,0.06690099185831366,0.06342080660819749,0.0645817589790354,0.06733865517496496,0.0611254440893777,0.062167646443759605,0.07419093390993503,0.06757612811689406,0.06804348374664948,0.06927691690335203,0.06678580549196556,0.06739265492322344,0.07169717044465262,0.04774085634327685,0.07250747414867043,0.06227471469126855,0.06707984872647688,0.06448339399316794,0.06475471440993386,0.009729712280109881,0.007236784804840801,0.007475885719573139,0.0036082845653708784,0.009257500140080865,0.00606692285710364,0.0074314122533813975,0.007354127847709946,0.012091613610905272,0.005906855685082091,0.0,0.008126756659691536,0.007082767134234613,0.007954146438567622,0.006408226233495795,0.005270196370665947,0.006880993342758823,0.00819461510273145,0.003873604195752667,0.0085992357767114,0.054374725510766275,0.055752883405551845,0.05335366344393733,0.055369472056978286,0.05467619714640637,0.05375208834415335,0.05194508686592636,0.05397203269619977,0.053891724215768155,0.05742220481168758,0.05376679419868091,0.057643821768214365,0.056867263226856535,0.055789310559894556,0.059500881354009216,0.055379703281165815,0.05593928385037761,0.05459247860663663,0.05348347040517021,0.05683338049747777
Sc1_B_12,0.07175609957916318,0.06859484063014987,0.065708303624877,0.06902854033337535,0.07154633124907495,0.06455886137182698,0.06544318243128844,0.07649206048354351,0.07151980862654927,0.07102307598420043,0.07258057426991327,0.06981458566144338,0.07042656837247097,0.0742970942965796,0.054662255770587365,0.07483217538131481,0.06430927116542362,0.06962934084908101,0.06642734462372324,0.06764432528242603,0.0036402948887881426,0.004432302957233958,0.0035455536543314015,0.006908841297949775,0.004629914676528957,0.004359134929870168,0.004694360197231795,0.009094842774386103,0.006929407906669516,0.003483025508138171,0.008126756659691536,0.0,0.007993773642992807,0.0047289429482159084,0.004187759442730199,0.005297308710077164,0.003181673908488558,0.007860419754719628,0.00725393500184579,0.004852953359219203,0.05554803524584906,0.05673690529759545,0.05447307300352666,0.05616550293715228,0.05532296477003207,0.05405397866436157,0.05251915010839758,0.0549778664160816,0.054555850905459446,0.05776617674409412,0.05337823948302889,0.05811619606011198,0.057721075829546775,0.05632280641475529,0.05909587958529605,0.05638201919213426,0.0562122960598298,0.05558229268421311,0.05473013795714998,0.05713288851755971
