,Sc2_A_1,Sc2_A_2,Sc2_A_3,Sc2_A_4,Sc2_A_5,Sc2_A_6,Sc2_A_7,Sc2_A_8,Sc2_A_9,Sc2_A_10,Sc2_A_11,Sc2_A_12,Sc2_A_13,Sc2_A_14,Sc2_A_15,Sc2_A_16,Sc2_A_17,Sc2_A_18,Sc2_A_19,Sc2_A_20,Sc2_B_1,Sc2_B_2,Sc2_B_3,Sc2_B_4,Sc2_B_5,Sc2_B_6,Sc2_B_7,Sc2_B_8,Sc2_B_9,Sc2_B_10,Sc2_B_11,Sc2_B_12,Sc2_B_13,Sc2_B_14,Sc2_B_15,Sc2_B_16,Sc2_B_17,Sc2_B_18,Sc2_B_19,Sc2_B_20,Sc2_C_1,Sc2_C_2,Sc2_C_3,Sc2_C_4,Sc2_C_5,Sc2_C_6,Sc2_C_7,Sc2_C_8,Sc2_C_9,Sc2_C_10,Sc2_C_11,Sc2_C_12,Sc2_C_13,Sc2_C_14,Sc2_C_15,Sc2_C_16,Sc2_C_17,Sc2_C_18,Sc2_C_19,Sc2_C_20
Sc2_A_1,0.0,0.003702318558902684,0.0036801527820778945,0.003909831120065599,0.0036354214916511918,0.004753036704853608,0.00427449607472663,0.00499185379956224,0.004955986262920042,0.0052817378675854565,0.005796368542672181,0.006308124076725985,0.006485412476439967,0.005383933572891686,0.00711854366032616,0.006152795754421292,0.0065975498300518964,0.006330379852596546,0.006513563000904332,0.0031919205360171343,0.06843563895485272,0.07200596029641193,0.07407955642613795,0.07094542120421043,0.07979846556457482,0.0736768010394,0.06929462253266339,0.07448290212471809,0.07167441262809815,0.0779082967601139,0.07405157118515193,0.07522567382764411,0.07091893995403231,0.08256911628839703,0.07772772759746116,0.07940542358372604,0.07540243908817867,0.07433016439747886,0.07311312221032129,0.07777316725590644,0.04902742196200793,0.052407842382066305,0.05418789237188426,0.04586293917992468,0.061353032061785995,0.055506291259948215,0.049798604505855604,0.06094100666615909,0.05238291380521132,0.0579121193845743,0.050690001563033715,0.04844026347889718,0.053723759753260714,0.060921285378053525,0.05266372842798239,0.053929465435684665,0.06085347906924998,0.0615218397569266,0.0594234971023595,0.04886692353877342
Sc2_A_2,0.003702318558902684,0.0,0.004460760838874478,0.00455537006710971,0.004205580737916659,0.003909373244756931,0.004467843500859825,0.005175640491825617,0.004954390270703879,0.00423869067394167,0.0052138884871579805,0.006503725742809885,0.004780649719606456,0.005097928684217545,0.00561784030582968,0.00603115255046538,0.006317515950825969,0.006304328861750141,0.005265633521974067,0.003528218081766843,0.06828309975091018,0.07116963210317873,0.07351706746893616,0.06911886191204275,0.07884050583525992,0.07245486549467106,0.06864026826516101,0.0732775819971978,0.07033970828633485,0.07697289185582745,0.07314232887002636,0.07451892246838165,0.06985948462885494,0.08114556282968644,0.07699190013261137,0.07773876628412302,0.0750121969842259,0.07405965769087564,0.07123122972908558,0.07672531597286536,0.052756161429417414,0.05502144706163481,0.05714442149501531,0.04806469097853394,0.06385710226648145,0.058759229572557525,0.05322448069906616,0.06354302244761634,0.05649337154334422,0.060226545490450145,0.05350912766950966,0.050938793486359435,0.05548766729100307,0.06342786533176625,0.05501643253456945,0.0567038682764367,0.06366456724128544,0.0640528965262992,0.06293649766095122,0.051341121921460564
Sc2_A_3,0.0036801527820778945,0.004460760838874478,0.0,0.003477968465182002,0.004396845888954837,0.005020065188244716,0.005144475478207844,0.004776024503484466,0.004197574327544196,0.005814706574160722,0.005347616738292427,0.007307018377749608,0.005529589886714814,0.004739495093580626,0.006045797790680596,0.006004005167903337,0.006014744908748093,0.007129480457894299,0.006010747393657367,0.004676997613926148,0.07175708032805905,0.07374295552764887,0.07595273366085808,0.07188324698513271,0.08126933998675423,0.07421753243084228,0.07135366218486205,0.07647422580396468,0.07302039177852382,0.08125114069154471,0.07591322272916934,0.07724251486747713,0.07252565968166991,0.08446629953504581,0.07947753855677431,0.08096350463693458,0.07794919325266558,0.07653648141592417,0.07502790858632247,0.07953857220657978,0.052140824244233275,0.05487067283852354,0.05708032618598757,0.04849781289118882,0.0646485754655497,0.05795813499639191,0.05172254665252862,0.0639243527541149,0.05513809573261097,0.060058313137068664,0.053430364349282944,0.050053728738176595,0.05518141177264935,0.06363565331573795,0.05469002259643185,0.0559490037748096,0.06250147794077987,0.06452760662735613,0.06338926884256002,0.050723032040306815
Sc2_A_4,0.003909831120065599,0.00455537006710971,0.003477968465182002,0.0,0.0030918418971689343,0.005187162688910174,0.0042953531490735886,0.004798649305700842,0.004547292849381046,0.0044026567695472085,0.004992937876068582,0.0060309552782097375,0.005314516606954034,0.004722768482251061,0.005834267568338269,0.0058346277958915005,0.005823000171648274,0.00738971622160034,0.0058127217606046555,0.002883401905050431,0.07015745918666139,0.07335476121958662,0.07628356675146764,0.07093369165113539,0.08030187382521459,0.07429526363544015,0.07089152397047238,0.07521891065853747,0.07280669828105613,0.07939606901319551,0.07517226887705664,0.0758253551340824,0.07188912020665561,0.0840401076162488,0.07854519793355075,0.08073322092543556,0.07793117621584689,0.0756213929615197,0.07431458490037668,0.07913057449093897,0.05324504433359789,0.05553392768228871,0.05766855702346829,0.04920578816059984,0.06533518346019374,0.05857174686525157,0.05355354032320958,0.06432055659853053,0.055747197282281835,0.061196948410588314,0.053750723735463524,0.05097902038582702,0.05696459385734898,0.06355425991591102,0.05595738388764904,0.057615017529658585,0.0636388668634531,0.06436339492175369,0.0638588347422423,0.05165326929913616
Sc2_A_5,0.0036354214916511918,0.004205580737916659,0.004396845888954837,0.0030918418971689343,0.0,0.0038653727921330594,0.00290965504034546,0.0045866377430282546,0.003742524028706118,0.0036435926364869475,0.004875091459675129,0.005072315389147319,0.004638621257352371,0.004491155289019888,0.004640922565104066,0.005138862577189318,0.0051958393546179815,0.006348839630607395,0.005837142145217911,0.00311150555960793,0.0759641043280801,0.07855018232808786,0.0812896078823293,0.07509490759924575,0.08547960951196965,0.07903084959536533,0.07511709097685393,0.07933888396441513,0.07764569806064403,0.08361971884595198,0.08023078530975258,0.08085539557607191,0.07663072597520304,0.08728262683982857,0.08355774650447867,0.08488289740452493,0.08164150072793619,0.08090990239138307,0.07819253494117451,0.08281886922711246,0.05795383742374649,0.060634022511026675,0.06285239800762776,0.05415609490227968,0.06965607725050038,0.06400506982055731,0.05837454229786743,0.06943520647219659,0.06021409376686304,0.06718421865363533,0.057967348622962156,0.055122286334233106,0.06044158744663264,0.06933297252312942,0.06031492782486625,0.06196737934149976,0.06888393033205609,0.06884128056582939,0.06942350589929513,0.05597527322044038
Sc2_A_6,0.004753036704853608,0.003909373244756931,0.005020065188244716,0.005187162688910174,0.0038653727921330594,0.0,0.0025464593990633944,0.0055616226750278,0.004564172967693958,0.0049020995151706215,0.0044756969744639274,0.005393530218117282,0.005345235123866088,0.003912726892945639,0.004763983333147648,0.005356727528816885,0.007017973988020509,0.005666557898816427,0.004725977203945075,0.003817856997852087,0.06877864880884288,0.07123290569043839,0.07237256641447609,0.06749019964874459,0.07641710349505826,0.070092584319565,0.06688951598347825,0.07170498449272189,0.06883595609878934,0.07501766721859082,0.07196854067263703,0.07221540090365952,0.06851543001101545,0.07783969280138725,0.0746994165327155,0.07553908237595541,0.07348602401853122,0.07191926237626267,0.06900919345539924,0.07371627265924552,0.05643383342721042,0.057254885522253884,0.05962854906242587,0.05185639812635401,0.0643983082572771,0.061578233750063216,0.05513289690235612,0.06730576626319684,0.058281041726334304,0.06381258387650135,0.055210968447451214,0.052795131803040296,0.05559322713535231,0.06612259862397041,0.05854975961141895,0.058627950440152565,0.06534585349336464,0.06532533019509856,0.06567774651756053,0.05359528522932644
Sc2_A_7,0.00427449607472663,0.004467843500859825,0.005144475478207844,0.0042953531490735886,0.00290965504034546,0.0025464593990633944,0.0,0.005386559782800782,0.0046166581661954975,0.0041809857871762945,0.004216572086019443,0.004845217817623926,0.004095740637746426,0.0036863271063751757,0.004715909664347762,0.003840660294881282,0.006101243024351,0.004586781026745146,0.004702453169331822,0.0025049234003371446,0.0687335520912511,0.0700956457208941,0.07198326188206472,0.06625727791354208,0.07585150914873928,0.06945454791004713,0.0665657955317398,0.0703201463143267,0.06851251713741602,0.07382836626196176,0.07069518238190886,0.0717049777654587,0.06710797246924427,0.0771246877691868,0.07395747920047713,0.07554870701766259,0.07225269339900331,0.07172883159589061,0.06896700456068006,0.07317360089805447,0.056768341824017354,0.05769904567616646,0.05951027362114891,0.05327273643812769,0.06491881081076889,0.06175179890539784,0.055850411427038615,0.06708420561221728,0.057502215247691835,0.0640155079064797,0.05521696645805041,0.05213219654745427,0.055911789781980636,0.06636426953908281,0.05846858925549969,0.05885581984542043,0.06568714166891776,0.06489295361824021,0.06578832859983064,0.05369817144478961
Sc2_A_8,0.00499185379956224,0.005175640491825617,0.004776024503484466,0.004798649305700842,0.0045866377430282546,0.0055616226750278,0.005386559782800782,0.0,0.0037086709301505927,0.0034717879875520996,0.003424573276532894,0.004196121888712545,0.003434718970458106,0.003799072630223499,0.004290681028219612,0.0038368643648027945,0.0039035994481522174,0.004928596131151486,0.004723068477517467,0.004249624743746128,0.07169107497580729,0.07431366106718162,0.07668538890705234,0.07111538262241679,0.08106867832960507,0.07513733341116913,0.07040602292571985,0.07670823901658708,0.07403195466574464,0.07993551183333791,0.075806816772099,0.07656000143307984,0.07171770685800705,0.08365039098679972,0.07823550753776365,0.0813768862092148,0.07726543221673865,0.07537855919488123,0.07428039782977303,0.07916973621647427,0.05495653091895658,0.05621729864090874,0.05829559834686848,0.051017421376027716,0.06594982785110282,0.06090455622282254,0.05436720680914886,0.0659910970064631,0.05552077556454715,0.06240720835534186,0.05436755662859927,0.05204980098773526,0.05835541679025957,0.06522540770875196,0.05696289693936285,0.05751418015973242,0.06449060082511227,0.06666806381385293,0.06511654345997642,0.05300275962499357
Sc2_A_9,0.004955986262920042,0.004954390270703879,0.004197574327544196,0.004547292849381046,0.003742524028706118,0.004564172967693958,0.0046166581661954975,0.0037086709301505927,0.0,0.005164307920664246,0.004008672646823586,0.004451626977442835,0.004402063572212178,0.0034528462022938022,0.0035764791423416042,0.004191185745331172,0.0036081961807532537,0.005078857249731783,0.005057596185737867,0.004249188193357845,0.07939170048595756,0.08135907307945611,0.08340308359182225,0.07755619917378487,0.0878739987901499,0.08140784667821532,0.07733973568544572,0.08319121165042953,0.0805630828930527,0.08705891289928003,0.08247761549126464,0.08323027732024679,0.07872233206592727,0.09007998931429617,0.08522269388523107,0.08813589508839126,0.08373639311058956,0.08297045798171432,0.08101953439975207,0.08548857232495544,0.06012932258910186,0.06108021532287422,0.0640403273470912,0.0558642567637867,0.07084749413387859,0.06545916486251535,0.05888975723571532,0.07123182390193661,0.059493143861733544,0.06781132079728558,0.058700512100143154,0.05659143179011272,0.06240135256156165,0.07068664351891119,0.06113888261739808,0.06283274561266727,0.06912332878506278,0.06982826518884933,0.07033951565854135,0.05711246214652299
Sc2_A_10,0.0052817378675854565,0.00423869067394167,0.005814706574160722,0.0044026567695472085,0.0036435926364869475,0.0049020995151706215,0.0041809857871762945,0.0034717879875520996,0.005164307920664246,0.0,0.003791934072395864,0.00434186678600168,0.003274373120571328,0.0034528259803613404,0.003648016348789973,0.00450084569137521,0.0039767817066842515,0.004984357442115339,0.004001948312362669,0.003517669881147989,0.06558623407950215,0.06817219897906046,0.07039908864639,0.06429731134207695,0.07453380138702692,0.06807699341967954,0.06411761722698905,0.06896163942537359,0.06677087181343955,0.0727003759214031,0.06920518879427928,0.0703120194033755,0.06448658911426297,0.07592545854507382,0.0722999648927386,0.07385161972485543,0.07118705537589454,0.06938191472151356,0.06697727235002171,0.07194630199610641,0.05179939496983699,0.053276292790759516,0.0550405499393275,0.04702296039134457,0.06111687977411928,0.05727043669491416,0.051557665810393116,0.061100133842915905,0.053572474216335264,0.05907230188403911,0.05103692013207617,0.04823998801750651,0.05374112583931445,0.06131758397135689,0.052868809254286164,0.05411395729716806,0.06091757931187003,0.0616519157887121,0.061287074785672635,0.049226883008774425
Sc2_A_11,0.005796368542672181,0.0052138884871579805,0.005347616738292427,0.004992937876068582,0.004875091459675129,0.0044756969744639274,0.004216572086019443,0.003424573276532894,0.004008672646823586,0.003791934072395864,0.0,0.003898532520382636,0.00348398121137794,0.002930119720448432,0.0037518759872532392,0.0030775366276599714,0.00360523909069288,0.004159025046395315,0.0029945690886908904,0.003829450263109213,0.06849908420420536,0.07022216218282606,0.07250863265873586,0.06618700864747107,0.0758588960826092,0.07061720230304036,0.06589793909674724,0.0714230002677767,0.06902597163861868,0.07544678496251178,0.07158457027893472,0.07227701616338211,0.067612362516698,0.07848176707357113,0.07387928810259292,0.07646835937052132,0.0726492426386236,0.07218656349031627,0.06947035531845991,0.07438852084121594,0.055100317915471764,0.05708208404804649,0.05884856163152752,0.05165759026869299,0.06618612098096965,0.060603205831793794,0.055571364845824256,0.066404522653573,0.05641825331959138,0.06341129825692338,0.05481528242771405,0.05116025832866866,0.0572199557375872,0.06513379345098613,0.05708927137935571,0.05819680131291172,0.06458458901913522,0.06487408859015531,0.06520708925110397,0.05219363553704126
Sc2_A_12,0.006308124076725985,0.006503725742809885,0.007307018377749608,0.0060309552782097375,0.005072315389147319,0.005393530218117282,0.004845217817623926,0.004196121888712545,0.004451626977442835,0.00434186678600168,0.003898532520382636,0.0,0.0040110173115419645,0.0038872613095387587,0.0042082423610056985,0.0037449603396018105,0.004270782997045641,0.005195998170905325,0.0037107564446433594,0.004185747073785384,0.07235773064772277,0.07509581743101557,0.07838298288484635,0.07149969027377556,0.08221173667613468,0.07520365702413545,0.07141622394304381,0.07646631074765797,0.07443125502654224,0.08043604084291156,0.07608100604046275,0.07782185828318111,0.07174175924560555,0.08357057075374097,0.07959780008094164,0.08200770395887513,0.07818699373481763,0.076802952885204,0.07457566499734647,0.07931480374773103,0.06241841020216887,0.0632370182375972,0.06540649520982433,0.05734502961356702,0.07281844153490924,0.0684105725292562,0.06107182048095605,0.07268580635366084,0.06297748861627439,0.06959362670940916,0.0605610765372846,0.05815295101005524,0.06441650597764625,0.07197342332157564,0.06337341382762318,0.06459351649497858,0.07149773045965735,0.07227575411586806,0.07227552989253105,0.05894780427423818
Sc2_A_13,0.006485412476439967,0.004780649719606456,0.005529589886714814,0.005314516606954034,0.004638621257352371,0.005345235123866088,0.004095740637746426,0.003434718970458106,0.004402063572212178,0.003274373120571328,0.00348398121137794,0.0040110173115419645,0.0,0.003400233055977475,0.0028219527310592296,0.0029433200633689482,0.004115028750277472,0.004207709488006084,0.003123887303780437,0.0038856024050142324,0.0721299377508301,0.07251837572726771,0.07520156265231737,0.06736438126103583,0.07864970153217454,0.07167242717260547,0.06813144455123765,0.07316219333778362,0.0712201814273602,0.07747572154841054,0.07289930133050815,0.0741664271391761,0.06871552862341157,0.07904854237834313,0.07550197663089275,0.07838706067110768,0.07425365776378101,0.07466298581552122,0.07088931767822249,0.07521104226231035,0.058558813556030986,0.05879644223409741,0.060673594743098636,0.05404572532623264,0.06740663675734604,0.06305069763134141,0.05626725606931526,0.06762343775965252,0.057627177421413656,0.06442473803356252,0.05519566778084051,0.05331617636961461,0.058993864199044954,0.06645025841285779,0.05850834525616644,0.059470219085575926,0.06615794543378695,0.0669399118649594,0.06739069031652611,0.05391545263398223
Sc2_A_14,0.005383933572891686,0.005097928684217545,0.004739495093580626,0.004722768482251061,0.004491155289019888,0.003912726892945639,0.0036863271063751757,0.003799072630223499,0.0034528462022938022,0.0034528259803613404,0.002930119720448432,0.0038872613095387587,0.003400233055977475,0.0,0.00359818618522989,0.002985721674666153,0.003746835253289005,0.004459224869223344,0.0029783337770408203,0.0040930746242681115,0.06783593012214106,0.0686252517691267,0.07052598806226573,0.06481408555672474,0.07410296007492734,0.06772541041561353,0.06520764523109457,0.06943771133555066,0.06674568855972707,0.07318914062580817,0.06899914387109285,0.07049596159603377,0.0652098353838182,0.0758951491956773,0.0715363694244402,0.07390444175379496,0.07049172257177139,0.06957363760047874,0.0675055416341066,0.07126215015795723,0.054304189467918706,0.054278426831135373,0.05616955315337879,0.04938191977557149,0.0617145730103561,0.05794029188533267,0.052428206465888416,0.0628107407370937,0.05383796912314953,0.05979488693760593,0.051252557777489605,0.049294538423761525,0.05369523406058008,0.0619209951470272,0.053932159142338065,0.05376428952024259,0.061431395476363004,0.06153530745024194,0.06216886654252218,0.04965183572379539
Sc2_A_15,0.00711854366032616,0.00561784030582968,0.006045797790680596,0.005834267568338269,0.004640922565104066,0.004763983333147648,0.004715909664347762,0.004290681028219612,0.0035764791423416042,0.003648016348789973,0.0037518759872532392,0.0042082423610056985,0.0028219527310592296,0.00359818618522989,0.0,0.004004665051713041,0.004036243714593102,0.0038064149173109296,0.0042617077918675195,0.004766035751599174,0.0765146808150109,0.07652204764472403,0.07903426249637124,0.0719414279376751,0.08327508977213338,0.0751298948915281,0.07203983405008318,0.07733065963426144,0.07475272428741253,0.081360648925625,0.07775677496529032,0.07809302869555623,0.07258961988877999,0.08207980861787334,0.07952248984286969,0.08260965630073125,0.0782938524103004,0.07784718150753178,0.07469656141514314,0.07931933103537214,0.06084314943540481,0.061547326730792884,0.06404903280449448,0.056171592311914154,0.06955998465631652,0.06567319152304318,0.057917152420987605,0.07046480174969727,0.06008017107968222,0.06755808306947209,0.057482789071085616,0.05542711379473164,0.06086120915521498,0.06935825278941288,0.05983355800486767,0.06194847520392288,0.06876353557403747,0.06918434426724696,0.06999952322270053,0.05658139046975441
Sc2_A_16,0.006152795754421292,0.00603115255046538,0.006004005167903337,0.0058346277958915005,0.005138862577189318,0.005356727528816885,0.003840660294881282,0.0038368643648027945,0.004191185745331172,0.00450084569137521,0.0030775366276599714,0.0037449603396018105,0.0029433200633689482,0.002985721674666153,0.004004665051713041,0.0,0.004188340593651474,0.0031231378412092115,0.003207354792223449,0.00430359231305566,0.0700498751560924,0.07060167511026061,0.07216667430304169,0.06610288469221348,0.07650329454570282,0.07062976336908999,0.06683975164995826,0.07076884222938662,0.06927181468377608,0.07527518455504933,0.07058825138404956,0.07185005576625325,0.0668464978633655,0.07692780911096098,0.07328880174351338,0.07633137645238408,0.07147635286871212,0.07252325855704567,0.06934409567811761,0.07341551736727348,0.05614298106921134,0.05616802871214921,0.05687465079211018,0.05193705274676175,0.0642809223051195,0.06039440138836927,0.054702130549077355,0.0652336269894479,0.05472011587641101,0.0612825831379048,0.052874394139337255,0.05108599948526604,0.05620569030066158,0.06444842252391147,0.05685874044912387,0.05661915138475593,0.06328587233062322,0.06360075536830956,0.06443994184458024,0.051768808734615424
Sc2_A_17,0.0065975498300518964,0.006317515950825969,0.006014744908748093,0.005823000171648274,0.0051958393546179815,0.007017973988020509,0.006101243024351,0.0039035994481522174,0.0036081961807532537,0.0039767817066842515,0.00360523909069288,0.004270782997045641,0.004115028750277472,0.003746835253289005,0.004036243714593102,0.004188340593651474,0.0,0.004873960985397829,0.004209131013859557,0.004757715538461826,0.07336532778433946,0.07473580966763116,0.07806579999162244,0.07128727186946271,0.08198602643540809,0.07591525129449939,0.07146267534100514,0.07738358459727213,0.07481030332199845,0.08105714076134862,0.07675246329261476,0.07795565504768442,0.0721105786771824,0.08390327106257978,0.07976444065730781,0.08204394597676556,0.07710955645679363,0.07802164190273098,0.07507023746807273,0.07986349174300023,0.058281183058594865,0.059322312469979654,0.062001648897645145,0.05400247106889222,0.06916439157692755,0.06437573277968278,0.0581252474433791,0.06866324032171223,0.058091325736711275,0.06556240416286319,0.05738587230616177,0.05364875638355482,0.06071332460466394,0.0684249317942438,0.05874030253520457,0.06036634261357654,0.06651267125391858,0.06762698600445227,0.06880645431834909,0.05463320671992544
Sc2_A_18,0.006330379852596546,0.006304328861750141,0.007129480457894299,0.00738971622160034,0.006348839630607395,0.005666557898816427,0.004586781026745146,0.004928596131151486,0.005078857249731783,0.004984357442115339,0.004159025046395315,0.005195998170905325,0.004207709488006084,0.004459224869223344,0.0038064149173109296,0.0031231378412092115,0.004873960985397829,0.0,0.004031521951599726,0.0053428856404091896,0.06544787395104668,0.06599683130990985,0.06667309889331319,0.06172290216044951,0.07140632661595991,0.06502846245736982,0.061329104677842805,0.06670496235886991,0.06416148960259438,0.07035962178158661,0.06568077473903533,0.0663075538605361,0.06208943361051544,0.07060570555436663,0.06818089411445749,0.07099966857390683,0.06548822813564414,0.06656798967509703,0.06439759530941414,0.06854725026871944,0.05186198740446091,0.052780374065766966,0.054083004456973116,0.04922399513138498,0.060065408576224444,0.05732271622926366,0.050919088522321965,0.06114401791063295,0.05068161180693631,0.05923100330492803,0.04947472329416336,0.048298158915255796,0.053052560994362286,0.06122211940920963,0.05277995757329623,0.05345444759005791,0.05872637672334535,0.059351057457237566,0.060110591164392324,0.04867099616800097
Sc2_A_19,0.006513563000904332,0.005265633521974067,0.006010747393657367,0.0058127217606046555,0.005837142145217911,0.004725977203945075,0.004702453169331822,0.004723068477517467,0.005057596185737867,0.004001948312362669,0.0029945690886908904,0.0037107564446433594,0.003123887303780437,0.0029783337770408203,0.0042617077918675195,0.003207354792223449,0.004209131013859557,0.004031521951599726,0.0,0.00430308517097866,0.06450377908135496,0.0647457196476583,0.06745165401676678,0.060371902031766345,0.0707466767525382,0.06472162247640079,0.06100203658635184,0.06565233924647618,0.0635673900186644,0.07036013542715869,0.06541815059335443,0.0669810771975462,0.06220874694571121,0.07201331693623414,0.06784250167922323,0.0702194217050176,0.06690792548807645,0.06730753425799307,0.06373115215420166,0.06801185150308953,0.055336069726816595,0.055591913629858936,0.056620423591632774,0.05010860743971601,0.06289433866228478,0.05976599596913312,0.05396131533343995,0.06286641323879616,0.05471218383132581,0.06035321260626847,0.05212601126887573,0.04940968180584959,0.054287283455116464,0.06329767573900191,0.05434369124890304,0.055331967503991164,0.06124192676220841,0.06149282274458234,0.06285196235081292,0.04904478305898641
Sc2_A_20,0.0031919205360171343,0.003528218081766843,0.004676997613926148,0.002883401905050431,0.00311150555960793,0.003817856997852087,0.0025049234003371446,0.004249624743746128,0.004249188193357845,0.003517669881147989,0.003829450263109213,0.004185747073785384,0.0038856024050142324,0.0040930746242681115,0.004766035751599174,0.00430359231305566,0.004757715538461826,0.0053428856404091896,0.00430308517097866,0.0,0.06794947600241585,0.07095364232719004,0.07435277292089382,0.06874811327546637,0.07790796710009773,0.07303543610176244,0.06828668492986478,0.07343850256993023,0.0707607306114203,0.07644343082611449,0.07313488719237626,0.07432000404488215,0.06919931797160561,0.08093511076733362,0.0765864899019203,0.0789368176327705,0.07542951671659437,0.07401146797632674,0.07150938457662404,0.07609590342144812,0.05640902867140862,0.058574770336717985,0.060521060165859564,0.05294025466164354,0.06743284003019745,0.06313488431624248,0.057129866666278284,0.06795946357221039,0.05847288101063519,0.06482339256045921,0.0565120670302236,0.053922745102509606,0.06004313588882593,0.06703120737762491,0.059722202998882534,0.06064119292635861,0.06718364514274422,0.06734942476947825,0.06695040580193334,0.05504707329995395
Sc2_B_1,0.06843563895485272,0.06828309975091018,0.07175708032805905,0.07015745918666139,0.0759641043280801,0.06877864880884288,0.0687335520912511,0.07169107497580729,0.07939170048595756,0.06558623407950215,0.06849908420420536,0.07235773064772277,0.0721299377508301,0.06783593012214106,0.0765146808150109,0.0700498751560924,0.07336532778433946,0.06544787395104668,0.06450377908135496,0.06794947600241585,0.0,0.00583349706687053,0.006903963159215487,0.00958053469129494,0.007010541307990947,0.009935560841613289,0.007333011726867955,0.009213130814962334,0.0076920705793213084,0.010161902090527475,0.007610899754712741,0.009084359725932578,0.00848139538702719,0.015205611551649234,0.011747247122482873,0.008833278818320967,0.010666677830479698,0.00696191172913474,0.00990530704012793,0.01183205596153214,0.04346541788664049,0.039572392119648914,0.03899710528471423,0.04377362304853527,0.0380397205890981,0.0490625860961964,0.046558942123640756,0.042950764216132864,0.04420331448222059,0.04073928095019386,0.04547307801024725,0.039648403901398566,0.042958888682785745,0.04309875882418912,0.04635899642749208,0.044300900050566416,0.0432170261990894,0.04542402756422792,0.04328533344352381,0.04164271060511704
Sc2_B_2,0.07200596029641193,0.07116963210317873,0.07374295552764887,0.07335476121958662,0.07855018232808786,0.07123290569043839,0.0700956457208941,0.07431366106718162,0.08135907307945611,0.06817219897906046,0.07022216218282606,0.07509581743101557,0.07251837572726771,0.0686252517691267,0.07652204764472403,0.07060167511026061,0.07473580966763116,0.06599683130990985,0.0647457196476583,0.07095364232719004,0.00583349706687053,0.0,0.00309812896239825,0.004200621244250913,0.0039698043545863815,0.004975505693464277,0.003410944359761192,0.004050045177836248,0.003795104874684707,0.004964810323609847,0.003600220544472399,0.004980030760617371,0.003924761908917218,0.007758854431435092,0.004765494535581061,0.0042793505854034075,0.005500402235566693,0.005363264161316272,0.004426481555659056,0.005344429291595509,0.04577761023038496,0.039655581094051096,0.03814094038221005,0.04599732021532987,0.036258135335023645,0.0478661759994885,0.04570909271094059,0.041305807079577206,0.04144495296810646,0.03934883606612605,0.04288489581180721,0.037492899551055614,0.03945443725642761,0.042253151771968644,0.04392876550724212,0.0416317860957367,0.0393377699077726,0.041309394007471356,0.04280181961041096,0.0391594875640473
Sc2_B_3,0.07407955642613795,0.07351706746893616,0.07595273366085808,0.07628356675146764,0.0812896078823293,0.07237256641447609,0.07198326188206472,0.07668538890705234,0.08340308359182225,0.07039908864639,0.07250863265873586,0.07838298288484635,0.07520156265231737,0.07052598806226573,0.07903426249637124,0.07216667430304169,0.07806579999162244,0.06667309889331319,0.06745165401676678,0.07435277292089382,0.006903963159215487,0.00309812896239825,0.0,0.00504772586946145,0.00396566813654331,0.00403910127302598,0.0040260286790735345,0.004645478871999176,0.003693904092165856,0.005203876475764924,0.0034360392880674606,0.00427198954574437,0.003848150868521749,0.006809302917523352,0.004747061565923194,0.003786927867158063,0.004583125186509052,0.004293662732724579,0.00462431903963656,0.005367652246841548,0.04020468899390173,0.03419471066348734,0.03257636815161269,0.041327491468695854,0.030295776639844396,0.041836093183847956,0.04067774952690184,0.035650240854376625,0.036453571537329865,0.03453562595371884,0.03749488002359325,0.03366548140027226,0.033610069153416466,0.03672982305978989,0.03913081566463217,0.03586656947952582,0.03321440801866338,0.03486810087906278,0.03670025613784267,0.03491136837113873
Sc2_B_4,0.07094542120421043,0.06911886191204275,0.07188324698513271,0.07093369165113539,0.07509490759924575,0.06749019964874459,0.06625727791354208,0.07111538262241679,0.07755619917378487,0.06429731134207695,0.06618700864747107,0.07149969027377556,0.06736438126103583,0.06481408555672474,0.0719414279376751,0.06610288469221348,0.07128727186946271,0.06172290216044951,0.060371902031766345,0.06874811327546637,0.00958053469129494,0.004200621244250913,0.00504772586946145,0.0,0.0038544441657186734,0.004124804906401991,0.0031178497424257934,0.0028502642174962345,0.00402678841682147,0.0049651516349129565,0.0033962414034409694,0.003447600412159524,0.0030518311704790246,0.004812887863448911,0.004121646438577264,0.004267673802880179,0.004842204278984963,0.0052850962206403285,0.0033703554765053267,0.00348442207052424,0.04695595503594863,0.0392214633221416,0.037336705615393484,0.046513557659230376,0.03465425186557147,0.04692287571115206,0.04440994902925677,0.04051246733524505,0.039792119151477845,0.03944822835546857,0.040428716924859054,0.03587533152993749,0.03684754512521016,0.041772236287103026,0.04228719009494886,0.04037735429351841,0.03810492984588065,0.03840007279860114,0.042822378339430145,0.036987819358624274
Sc2_B_5,0.07979846556457482,0.07884050583525992,0.08126933998675423,0.08030187382521459,0.08547960951196965,0.07641710349505826,0.07585150914873928,0.08106867832960507,0.0878739987901499,0.07453380138702692,0.0758588960826092,0.08221173667613468,0.07864970153217454,0.07410296007492734,0.08327508977213338,0.07650329454570282,0.08198602643540809,0.07140632661595991,0.0707466767525382,0.07790796710009773,0.007010541307990947,0.0039698043545863815,0.00396566813654331,0.0038544441657186734,0.0,0.0046890168392594855,0.0033893285650645755,0.003808038470363484,0.004020065070325485,0.0045896805053652345,0.0031812818609088245,0.004443409450091584,0.004128337546933536,0.006541099692968566,0.004238979476952398,0.003444153562499608,0.00490528124084455,0.004137155371044976,0.003754204763049218,0.004581488426919411,0.05072277346035803,0.04309786802189752,0.04171679273499218,0.05139015419471671,0.03780231301608317,0.05173865845431824,0.04959043046372247,0.04560089518544219,0.04515481751392325,0.043440821147098796,0.04589416128300616,0.04131332562231216,0.041997125246105216,0.04587260291189943,0.04887291800643423,0.0450539739254221,0.042590789185738,0.04297483751562381,0.0465320656698085,0.042771982620397164
Sc2_B_6,0.0736768010394,0.07245486549467106,0.07421753243084228,0.07429526363544015,0.07903084959536533,0.070092584319565,0.06945454791004713,0.07513733341116913,0.08140784667821532,0.06807699341967954,0.07061720230304036,0.07520365702413545,0.07167242717260547,0.06772541041561353,0.0751298948915281,0.07062976336908999,0.07591525129449939,0.06502846245736982,0.06472162247640079,0.07303543610176244,0.009935560841613289,0.004975505693464277,0.00403910127302598,0.004124804906401991,0.0046890168392594855,0.0,0.004129522694029664,0.0036436949674709673,0.003892837622191725,0.004750743657629619,0.0036224420277152225,0.00446707590218276,0.00344758045913951,0.005437870356247876,0.00425007546437306,0.0034486928706822795,0.004573436348283666,0.004206620915032877,0.003530648327888408,0.004141503212365505,0.04728621780059039,0.040787130153393525,0.03860514136310489,0.04717582719034863,0.03522632963803429,0.04812682162155735,0.04518299414839255,0.04140511328948038,0.04218294750609175,0.040259933512883816,0.04164414784790671,0.03765215988343029,0.03719721328261194,0.042894027079619645,0.043505294748051204,0.04100997273415252,0.0393946644735349,0.039569206064578366,0.04323264565618801,0.0389757110100476
Sc2_B_7,0.06929462253266339,0.06864026826516101,0.07135366218486205,0.07089152397047238,0.07511709097685393,0.06688951598347825,0.0665657955317398,0.07040602292571985,0.07733973568544572,0.06411761722698905,0.06589793909674724,0.07141622394304381,0.06813144455123765,0.06520764523109457,0.07203983405008318,0.06683975164995826,0.07146267534100514,0.061329104677842805,0.06100203658635184,0.06828668492986478,0.007333011726867955,0.003410944359761192,0.0040260286790735345,0.0031178497424257934,0.0033893285650645755,0.004129522694029664,0.0,0.0037665428105231324,0.0031125845237447436,0.004379194592174507,0.0031173678278496597,0.003531879984858044,0.003395052801813181,0.005128865345807254,0.0038182915091008462,0.0036387804357506104,0.003795164353969094,0.004163117112526038,0.002713655733007414,0.003837902349726474,0.04539144734684586,0.039892428356189225,0.037805188520315225,0.04621329742519087,0.035530151644569186,0.04756646095785444,0.04481719868929945,0.041472309423075004,0.041018742720222656,0.03998592389771127,0.041144146127254366,0.03689248006255541,0.037828755058046504,0.04290014942669651,0.04331614846501264,0.041149091597554976,0.0391675853137996,0.03991427993167096,0.0431833689294816,0.03787544824400657
Sc2_B_8,0.07448290212471809,0.0732775819971978,0.07647422580396468,0.07521891065853747,0.07933888396441513,0.07170498449272189,0.0703201463143267,0.07670823901658708,0.08319121165042953,0.06896163942537359,0.0714230002677767,0.07646631074765797,0.07316219333778362,0.06943771133555066,0.07733065963426144,0.07076884222938662,0.07738358459727213,0.06670496235886991,0.06565233924647618,0.07343850256993023,0.009213130814962334,0.004050045177836248,0.004645478871999176,0.0028502642174962345,0.003808038470363484,0.0036436949674709673,0.0037665428105231324,0.0,0.0038808052206862342,0.0037643933525625117,0.002984127507407619,0.0033659216939959657,0.0035630103324556517,0.0046917903213565815,0.0035953238218778827,0.0030310564756714786,0.004553387981975687,0.004987934617908363,0.0027319490586854567,0.0040832157235025646,0.050732640894266656,0.04298109741137157,0.04040544778646049,0.05001237616974097,0.03736359127619204,0.051147499186775525,0.04913704061277313,0.04379901813644649,0.04494372727777529,0.04269309857294723,0.04390425301405054,0.03946060814828378,0.04056494444379122,0.04525853060615026,0.04671873867651921,0.043688613310502555,0.04218348472183464,0.04165458785794174,0.04600190266797399,0.04117360591857888
Sc2_B_9,0.07167441262809815,0.07033970828633485,0.07302039177852382,0.07280669828105613,0.07764569806064403,0.06883595609878934,0.06851251713741602,0.07403195466574464,0.0805630828930527,0.06677087181343955,0.06902597163861868,0.07443125502654224,0.0712201814273602,0.06674568855972707,0.07475272428741253,0.06927181468377608,0.07481030332199845,0.06416148960259438,0.0635673900186644,0.0707607306114203,0.0076920705793213084,0.003795104874684707,0.003693904092165856,0.00402678841682147,0.004020065070325485,0.003892837622191725,0.0031125845237447436,0.0038808052206862342,0.0,0.004634838521429652,0.003507699868701475,0.0037108818970535973,0.003910249100219532,0.004945290431476734,0.004473638202775909,0.00341392687330333,0.004863036378394359,0.004928540990065788,0.0034101927688087175,0.004095870297340487,0.044374053985289375,0.03793581975948179,0.03560196551100547,0.044303298751465436,0.03196102172702031,0.045759180104795516,0.043152097900424624,0.03897561319092424,0.03994639402264244,0.0377874863931007,0.03917210830139306,0.03550687700556854,0.035719269103085205,0.04012199072758549,0.04116434896324561,0.03903272905644761,0.03688380987949336,0.037547688255649136,0.04023341301823491,0.03596821880361101
Sc2_B_10,0.0779082967601139,0.07697289185582745,0.08125114069154471,0.07939606901319551,0.08361971884595198,0.07501766721859082,0.07382836626196176,0.07993551183333791,0.08705891289928003,0.0727003759214031,0.07544678496251178,0.08043604084291156,0.07747572154841054,0.07318914062580817,0.081360648925625,0.07527518455504933,0.08105714076134862,0.07035962178158661,0.07036013542715869,0.07644343082611449,0.010161902090527475,0.004964810323609847,0.005203876475764924,0.0049651516349129565,0.0045896805053652345,0.004750743657629619,0.004379194592174507,0.0037643933525625117,0.004634838521429652,0.0,0.004245682959371888,0.003818022656327691,0.004606351929837826,0.005986783778655025,0.0038630678742127555,0.004188441323860981,0.00566567765540138,0.006020825698249577,0.003812111507411675,0.004559760219606357,0.05099623406793452,0.04321664005041359,0.04148959088066562,0.05098059526443277,0.03721340368287451,0.052418343543075285,0.049040971616656215,0.0448151887713607,0.044887436507435874,0.04400979772760105,0.04496384398183628,0.04087484261383101,0.040880189751589247,0.04555918043690621,0.04820948166695482,0.04492243262218387,0.04217618060672301,0.042442221934858027,0.0458775766824252,0.043297889870758444
Sc2_B_11,0.07405157118515193,0.07314232887002636,0.07591322272916934,0.07517226887705664,0.08023078530975258,0.07196854067263703,0.07069518238190886,0.075806816772099,0.08247761549126464,0.06920518879427928,0.07158457027893472,0.07608100604046275,0.07289930133050815,0.06899914387109285,0.07775677496529032,0.07058825138404956,0.07675246329261476,0.06568077473903533,0.06541815059335443,0.07313488719237626,0.007610899754712741,0.003600220544472399,0.0034360392880674606,0.0033962414034409694,0.0031812818609088245,0.0036224420277152225,0.0031173678278496597,0.002984127507407619,0.003507699868701475,0.004245682959371888,0.0,0.0032578743163826918,0.0033775240784935656,0.005864908707292726,0.0035298706716988537,0.0028464069342383214,0.0037488989010374674,0.004012545232356279,0.003730500213074417,0.004223746803121542,0.04740588130775647,0.04074720572600099,0.038011810285775716,0.04773146691099128,0.03497648972828871,0.04921945997237298,0.04665011394997398,0.041851542366059036,0.04192413007605722,0.0404561867387474,0.042479851253328316,0.03870826983082187,0.03909897459675182,0.04308058960763783,0.045241615733081386,0.041876562266666584,0.039491503324838195,0.04050849898961195,0.04328275118473701,0.03927965014245638
Sc2_B_12,0.07522567382764411,0.07451892246838165,0.07724251486747713,0.0758253551340824,0.08085539557607191,0.07221540090365952,0.0717049777654587,0.07656000143307984,0.08323027732024679,0.0703120194033755,0.07227701616338211,0.07782185828318111,0.0741664271391761,0.07049596159603377,0.07809302869555623,0.07185005576625325,0.07795565504768442,0.0663075538605361,0.0669810771975462,0.07432000404488215,0.009084359725932578,0.004980030760617371,0.00427198954574437,0.003447600412159524,0.004443409450091584,0.00446707590218276,0.003531879984858044,0.0033659216939959657,0.0037108818970535973,0.003818022656327691,0.0032578743163826918,0.0,0.004878872485005514,0.00455578947855606,0.003131827188843306,0.0037352920470431483,0.0043925302761033125,0.004866673728919579,0.0031583114295099524,0.004236349300717368,0.04846985619044941,0.041713149138360994,0.039460341947629374,0.04980833959552755,0.036299173065841295,0.05005692369505943,0.04812951514346242,0.04325795804824728,0.043175805210922125,0.04290328347628436,0.043648001942604986,0.03983287374013078,0.040272846936691975,0.04496900490592304,0.046167193159396214,0.04347069804060999,0.039769915776038944,0.041277279965601155,0.04450531995769724,0.04122530921660106
