,Sc3_A_1,Sc3_A_2,Sc3_A_3,Sc3_A_4,Sc3_A_5,Sc3_A_6,Sc3_A_7,Sc3_A_8,Sc3_A_9,Sc3_A_10,Sc3_A_11,Sc3_A_12,Sc3_A_13,Sc3_A_14,Sc3_A_15,Sc3_A_16,Sc3_A_17,Sc3_A_18,Sc3_A_19,Sc3_A_20,Sc3_B_1,Sc3_B_2,Sc3_B_3,Sc3_B_4,Sc3_B_5,Sc3_B_6,Sc3_B_7,Sc3_B_8,Sc3_B_9,Sc3_B_10,Sc3_B_11,Sc3_B_12,Sc3_B_13,Sc3_B_14,Sc3_B_15,Sc3_B_16,Sc3_B_17,Sc3_B_18,Sc3_B_19,Sc3_B_20,Sc3_C_1,Sc3_C_2,Sc3_C_3,Sc3_C_4,Sc3_C_5,Sc3_C_6,Sc3_C_7,Sc3_C_8,Sc3_C_9,Sc3_C_10,Sc3_C_11,Sc3_C_12,Sc3_C_13,Sc3_C_14,Sc3_C_15,Sc3_C_16,Sc3_C_17,Sc3_C_18,Sc3_C_19,Sc3_C_20
Sc3_A_1,0.0,0.002276557423774639,0.0025340980365793353,0.0022552070379806555,0.0026622916570796518,0.003198985945152999,0.002745060170946445,0.006125586151070728,0.003499492882414801,0.003970453968783261,0.0036203699689587587,0.002957114290856766,0.0029253732225671403,0.004530126770845078,0.004138311637630454,0.002957114290856766,0.004536820400893871,0.005567672255670231,0.0055814554656303805,0.0045295127647428934,0.006724416090782892,0.003339560635783556,0.00460399382120813,0.0048778157437049385,0.006398992946115012,0.003691100492610455,0.004689815015803456,0.0055747778974203355,0.0059294125629515415,0.004697189625154419,0.006808246352199898,0.004835204831739159,0.004755505848711095,0.005712706251208122,0.006365731291892773,0.004676325880004328,0.006841474572076067,0.00549704967371234,0.004337433444176031,0.006096481710908819,0.004930189124641382,0.0055566352356081206,0.003804288493089225,0.004759874738404002,0.006708024077017982,0.006825157198223186,0.00735019394227987,0.0036204711274718804,0.006580692345072525,0.006389574772508122,0.00967334179825785,0.009153924759093268,0.00819525381781383,0.003984111039565641,0.007215112657610212,0.005606158411448292,0.007886993061987368,0.007586737191688675,0.009104530505638753,0.00493783219395616
Sc3_A_2,0.002276557423774639,0.0,0.0024317457110391016,0.002922366532623344,0.002453577562760767,0.0028379819064200396,0.002982840925141894,0.006596669000962341,0.002756040384385816,0.004221927949031756,0.0034299129753702084,0.0023291535158787013,0.004452219173843863,0.0050011681670212305,0.004451125124000033,0.0023291535158787013,0.004409059441148888,0.006485884799930286,0.006616737195137001,0.004516003981286376,0.007527167705628446,0.004657409703095583,0.005066551610584447,0.005307696940936024,0.007555907964440167,0.0035693796008035017,0.005502195989193437,0.005357809244486811,0.006293624173273393,0.005136719237688325,0.007002093540704912,0.004636986774283702,0.005601065109420045,0.006202408562554718,0.0072519569475087975,0.005517419389321931,0.007668084219219495,0.006028798461916285,0.004371996328203509,0.005844572283908778,0.0065308332933694535,0.005679858378152325,0.00490397208549842,0.005509340724376255,0.007616900216481426,0.0074754459616410696,0.008105613082399987,0.0033713936582648873,0.007612487245397315,0.0068188105536940435,0.010968551725930142,0.010485735104014293,0.008349355760437494,0.004061582139731179,0.006887279633641108,0.006301218832885924,0.008470468632863493,0.009152317453456682,0.009515372336997396,0.005049077192057938
Sc3_A_3,0.0025340980365793353,0.0024317457110391016,0.0,0.003456842599383503,0.0023106121890976716,0.002414872323923789,0.002357275654588986,0.006134593761871421,0.001968157265487269,0.0030168623460511412,0.003666840993200693,0.0024881911522608435,0.004711673614500422,0.004269279781113244,0.004188942307589372,0.0024881911522608435,0.0033840369226258993,0.005635198283737819,0.0064154149809667604,0.003317096130892372,0.007738776760822241,0.0042744541301100725,0.004657872806771213,0.004384177488084506,0.005834203217434886,0.003725241702684734,0.004435132723828894,0.004616336050651371,0.005513436424439577,0.004469273144336761,0.00596773045438892,0.004814142311456382,0.005264874553562837,0.005370260014420092,0.006138872057385392,0.005139858639926498,0.007052761533405727,0.00535921575518572,0.003733983987976419,0.004841746261769364,0.005905401849749969,0.0055094698703136435,0.004636682889382127,0.004671933384439719,0.0065144465143545105,0.006286827190398414,0.00658486683779036,0.003197769306353626,0.006670633919929281,0.006832610277296869,0.010204116388841666,0.009152980153218637,0.007579839354090567,0.0037639314744633,0.0063970745748074265,0.005936300953483631,0.007620428285270431,0.008861802068833136,0.009032139032401632,0.0038789087020336677
Sc3_A_4,0.0022552070379806555,0.002922366532623344,0.003456842599383503,0.0,0.0032939516745769115,0.0032587721025253424,0.0036528069284448295,0.005194929840871887,0.0047342559171167364,0.003917968351567325,0.0032941957756027485,0.0044503025778692695,0.003551274313211783,0.005616519832776001,0.004950452119130033,0.0044503025778692695,0.005483738893932166,0.005546850497228251,0.00606984609099126,0.005623242883670998,0.008216179143044844,0.004696846138282029,0.005430944040485275,0.005880185600384835,0.006489272264855739,0.005028500991164919,0.005601331072394022,0.004836128821546382,0.007533637519581693,0.004917086084435418,0.007784307638429411,0.004452964053314967,0.005287919108366124,0.005488446064263686,0.00629554103900376,0.00549644947399186,0.005745626629807266,0.005985449700596113,0.00529071491794586,0.00639970253900124,0.003927489156117736,0.005282276066871261,0.002890854474211557,0.003837198820210719,0.005936868820343277,0.006159120107672722,0.007165669305964517,0.0030145807677285363,0.006282437723750478,0.004916437560610221,0.009767091281143836,0.008962029258522852,0.008381920350569505,0.005159779473678294,0.006166877990068542,0.005585155534913566,0.0076519654497286815,0.008142646348273663,0.008302500517573752,0.004211135546196787
Sc3_A_5,0.0026622916570796518,0.002453577562760767,0.0023106121890976716,0.0032939516745769115,0.0,0.002989210071448589,0.0030909681521957832,0.006831377105079195,0.0038289084554075092,0.00402974593560379,0.004027472184146563,0.0035805191830575733,0.004114470137710158,0.006507512073207433,0.005312017391395307,0.0035805191830575733,0.004575751111796866,0.007950919681094515,0.008138869768516077,0.0046948621656771605,0.007142196730811179,0.0038852164284824964,0.005127982445980894,0.004378840118094862,0.00713956077012512,0.0029748905509728862,0.004639321371944893,0.004424292260411633,0.005134229121366629,0.004002248738866898,0.006207446757997781,0.004199300711589138,0.004660642694847894,0.005104631058414633,0.006205695751967832,0.0049945049885611326,0.007030817901822584,0.005315236663146816,0.003598160878816259,0.005259012875464153,0.007444540576185932,0.00695698085037566,0.00602454544552522,0.0057677635137709515,0.009154002554116802,0.00898338436811541,0.009703520725293124,0.004530645818716761,0.008169419814786028,0.008131958793758942,0.013495300530256271,0.012329047446245411,0.010533846054377793,0.005512043148243162,0.008951527449454377,0.008146218956741058,0.010763232983450055,0.010645347327310373,0.01120342263613383,0.0063609867719356394
Sc3_A_6,0.003198985945152999,0.0028379819064200396,0.002414872323923789,0.0032587721025253424,0.002989210071448589,0.0,0.003308612238341113,0.005944525699183245,0.0032344180725403238,0.0029257614393276565,0.003208723421007864,0.0028041540294705403,0.005390009066491119,0.005114734106579921,0.0036054687811931663,0.0028041540294705403,0.004269011130859979,0.006465343498986864,0.0061865512261018996,0.003816041350746757,0.0075491723096839936,0.0048046691430376764,0.005269269067174953,0.0041974121226541206,0.006018664785617522,0.0036254402990180123,0.0036894827470747016,0.004333775833994857,0.005006101131966978,0.0038042268755962283,0.004964444165537429,0.004688532050861283,0.0049209280866444605,0.005136956421880279,0.004945384765353111,0.004513442304954207,0.006341060836116186,0.004939092620767305,0.003632404492828867,0.005258397770081191,0.005685270412630561,0.005428986882324072,0.004364794586088294,0.004484337816049289,0.005828442673833312,0.006364727057080466,0.006648876138112714,0.0034917414103549094,0.006675119230260096,0.006061955608638092,0.009728332435889442,0.009834060240387132,0.00799621305013365,0.004231308839569237,0.0061779070963798866,0.00588975960621041,0.007463973686327341,0.008656783112952038,0.00873687946014634,0.004551218144594804
Sc3_A_7,0.002745060170946445,0.002982840925141894,0.002357275654588986,0.0036528069284448295,0.0030909681521957832,0.003308612238341113,0.0,0.005764934540542388,0.0036757766342108145,0.0035896813182856313,0.003982253373422173,0.004184603138383536,0.004064797636623263,0.0047808215382687536,0.004272434725879237,0.004184603138383536,0.0035813068005909887,0.0065842690116812985,0.006368175514017804,0.004535172974372781,0.0073532825082642805,0.004178644369241535,0.005416061263399663,0.004600784735673713,0.006246891536018762,0.00424244612163327,0.004469183274448674,0.005115633875936054,0.005556842606441625,0.004542946957826199,0.005755020721815662,0.005151943021971972,0.0053779307391741416,0.0056449814759849115,0.0054864612800484824,0.005477087958386417,0.007270404800512775,0.005222944240016791,0.0037806275816097967,0.006620901566063542,0.00535359970059357,0.005616934953574182,0.004552398354535692,0.004288711385413202,0.00632589547690543,0.0064304005179501855,0.007483211661834188,0.0032219338363923544,0.006235991182375833,0.006043967661772953,0.010436557656431034,0.009787366072078196,0.008265110404124143,0.005116120096183008,0.006751689181944576,0.006413924997363818,0.008013005980024634,0.008583103740761766,0.008595050261416604,0.005645563303542489
Sc3_A_8,0.006125586151070728,0.006596669000962341,0.006134593761871421,0.005194929840871887,0.006831377105079195,0.005944525699183245,0.005764934540542388,0.0,0.007200556009585246,0.0049910233895218425,0.006837560890841643,0.007826401911100955,0.006284359067421641,0.006598303418953733,0.006626970891958073,0.007826401911100955,0.0049144301990582395,0.006391123911844487,0.004638736503901009,0.005413366482735049,0.010187931191943389,0.006269906623575405,0.00658391147837234,0.006070782303281508,0.004867316157172619,0.007219734618353901,0.007922970421186504,0.006203452946983878,0.008657339544439924,0.006603008909801922,0.008322648045217429,0.006570398191742655,0.006732507151946621,0.007225415394963575,0.007115207435420934,0.006627845448800129,0.006762443834817611,0.006727456516992247,0.0063088031824650725,0.009268768277511885,0.006546136319801943,0.005170738185063972,0.0047249655581197425,0.006485336906219774,0.007918866214629783,0.00572291579574058,0.007084253318466294,0.005176854685427168,0.005635608985789187,0.0031737575946515495,0.009402785357216947,0.008823885746102933,0.008046311248102844,0.008229410203123733,0.0033491788877333395,0.004811864555921197,0.007304785256792123,0.007805325033512389,0.00790037165459534,0.005297183079775225
Sc3_A_9,0.003499492882414801,0.002756040384385816,0.001968157265487269,0.0047342559171167364,0.0038289084554075092,0.0032344180725403238,0.0036757766342108145,0.007200556009585246,0.0,0.0034171589164436744,0.003671892019834311,0.0023218338371069347,0.006508623555794513,0.004122797070983397,0.0034450049227197077,0.0023218338371069347,0.003464090659854757,0.005979563791514431,0.0065205274907029764,0.004446281134723895,0.010514086382461318,0.005587516829156813,0.005702173411824107,0.005835568523494428,0.0075069406699954655,0.004978179186525988,0.006052892902087437,0.00668909156095443,0.007346413413812036,0.006772387777939537,0.007715488752889965,0.006769843725469404,0.007272276084920537,0.007734829001678545,0.007864557929317062,0.006866653895203356,0.009826804113274856,0.00772349522536242,0.005129172697906359,0.006789969958682418,0.006938098587964792,0.00590148894112863,0.005938320019863164,0.006330380106222222,0.006660908889935313,0.006797548765875017,0.007081261829519736,0.004006277065938035,0.0076106051832109944,0.008386369968641838,0.009933873074302602,0.008492702854451584,0.007691718089068655,0.0035270655704651155,0.00683133333602326,0.006638423996903398,0.007554117805826266,0.008705829887759586,0.008635589433862223,0.00449346896674907
Sc3_A_10,0.003970453968783261,0.004221927949031756,0.0030168623460511412,0.003917968351567325,0.00402974593560379,0.0029257614393276565,0.0035896813182856313,0.0049910233895218425,0.0034171589164436744,0.0,0.003997135315543132,0.00427528844656444,0.005223269288804566,0.0037688943392083507,0.004113420563405468,0.00427528844656444,0.0027238663982658284,0.004667371207823678,0.006399094117124693,0.0034544035507826365,0.008229942438540805,0.005102514768925093,0.004962934119069118,0.0034265387448567663,0.00435322242597358,0.004377324704185059,0.004444917380773572,0.004737680592361793,0.005266923734480011,0.004445451793837485,0.005009202688215586,0.004952430488918913,0.005499728595851239,0.005359858596438838,0.004528197463865236,0.004808614071042161,0.006209077465634039,0.004867443009893391,0.003669033439241187,0.007140306437362853,0.0046742897927926075,0.0038533034958367907,0.004856622307854885,0.0037492700492456343,0.004788073318462427,0.00509735153750468,0.005610544705831888,0.003158177590805944,0.0052973504638926805,0.00525519484641368,0.0077556607490909535,0.007142242201527593,0.006132686999918646,0.0046935357518470555,0.005272674227026264,0.005291460189021158,0.0060225221753905656,0.007774524417776818,0.0056435952279699775,0.004403750608964696
Sc3_A_11,0.0036203699689587587,0.0034299129753702084,0.003666840993200693,0.0032941957756027485,0.004027472184146563,0.003208723421007864,0.003982253373422173,0.006837560890841643,0.003671892019834311,0.003997135315543132,0.0,0.0027386220417221496,0.006407707084181702,0.00624796340377598,0.0034609316980450666,0.0027386220417221496,0.0056977025560776,0.0066610290660855664,0.0068655240082898805,0.0057495135655347696,0.009097734975988647,0.005613221800500945,0.00623652587890311,0.005161736054560162,0.006350872509204075,0.004519176982044404,0.005714319514996458,0.005969483588914359,0.006748331371380312,0.0053514731229498125,0.006859648084993286,0.005152674830846138,0.0062226110494594256,0.006951499109281167,0.0059178890707526355,0.006068904522606777,0.006724792484855691,0.006503230576098917,0.005570545526363713,0.006888832121485833,0.005826367475767369,0.00544409026888526,0.004239442553706008,0.00504914472150042,0.005543305714765578,0.007323359560005849,0.0077908460969399185,0.002835411500196172,0.006799475543998068,0.007534056193883809,0.00909441991919624,0.009809569187264833,0.008775373888588844,0.004012789738597533,0.006376697665493203,0.005972932084220228,0.008101091588561427,0.008549618987423013,0.00824432830959232,0.004534346951110768
Sc3_A_12,0.002957114290856766,0.0023291535158787013,0.0024881911522608435,0.0044503025778692695,0.0035805191830575733,0.0028041540294705403,0.004184603138383536,0.007826401911100955,0.0023218338371069347,0.00427528844656444,0.0027386220417221496,0.0,0.006488092191137773,0.00523014315903636,0.00444155213073627,0.0,0.00532689336183112,0.007127899343893573,0.0074041709246605025,0.005216779221774548,0.009450990627783318,0.005748858770789789,0.006344606762209715,0.005782253101114687,0.007743080172991856,0.004397556398479607,0.006369629925809139,0.006792027395301492,0.007167746441708589,0.006175116613814868,0.007297264045836638,0.006383260287284087,0.006981371271647996,0.007533328260243999,0.007580849902004805,0.0063881022616821825,0.00904967635282694,0.007240776024720064,0.0055206917853386495,0.006704813261994236,0.0074692348181550905,0.006953368988636299,0.005309282481041677,0.006239744390577062,0.007563143265779448,0.00856915639637279,0.008283687461001499,0.004021720421676589,0.007981360390488135,0.008772245003707768,0.010533946888292456,0.010538940784726836,0.008662091362524382,0.002666177858538288,0.0074340030657080725,0.006077774645019907,0.008567286105425787,0.008632529564016056,0.00992024663423341,0.004991795593307757
Sc3_A_13,0.0029253732225671403,0.004452219173843863,0.004711673614500422,0.003551274313211783,0.004114470137710158,0.005390009066491119,0.004064797636623263,0.006284359067421641,0.006508623555794513,0.005223269288804566,0.006407707084181702,0.006488092191137773,0.0,0.005896718359583386,0.006344845657286102,0.006488092191137773,0.005138326648340796,0.0076151431406619174,0.006897523836626784,0.005596426728089354,0.008198291698777616,0.004951114951679658,0.007108372210124614,0.006182688360534927,0.007757779452953861,0.00578556920285922,0.006038941316930724,0.006487216418364583,0.006981702071368945,0.005443699817578751,0.008269733929821221,0.0065509750428013325,0.005871216157637749,0.006579360297227499,0.007027614806917382,0.00673857043315329,0.008083062685639297,0.006114458538122536,0.005556516917058052,0.00829262012225429,0.005699519085500482,0.006672281979940742,0.005490092751565423,0.005740291118869645,0.008430233847755542,0.00762842196197111,0.008389356681500315,0.004819724533776326,0.0081787283386473,0.0062379186395626895,0.012487682435739167,0.010383906742008842,0.008918346874915772,0.006453946950435996,0.008693435615789724,0.007911221938194046,0.009030507845151026,0.00953419019416668,0.01040985921488613,0.006539952510344671
Sc3_A_14,0.004530126770845078,0.0050011681670212305,0.004269279781113244,0.005616519832776001,0.006507512073207433,0.005114734106579921,0.0047808215382687536,0.006598303418953733,0.004122797070983397,0.0037688943392083507,0.00624796340377598,0.00523014315903636,0.005896718359583386,0.0,0.00474636940269646,0.00523014315903636,0.003708420178996641,0.003871109392211469,0.004693732432097142,0.00569746744688171,0.010911469090011505,0.006172094226190361,0.006756677710682668,0.006183182922461228,0.006381933174614218,0.006721005207709241,0.006664415963560821,0.0071815139166404585,0.00762940440063653,0.0067979124499565335,0.007084883451484392,0.00722694331970497,0.0066271400022532845,0.007205851885567771,0.006509808843896625,0.006535410857562263,0.00903198273176653,0.00804328229343565,0.005445215320477925,0.010114360228231534,0.004808724062864922,0.00403894373911684,0.0060415344415705174,0.004600956063344985,0.004819311865200238,0.00434783652815951,0.003910828557960544,0.0042378116243356745,0.004725561238049347,0.006131111867617944,0.005878177189966638,0.004361573163857657,0.002535687529601427,0.004074061855631084,0.005162937071716556,0.005327505530195675,0.004444200861589698,0.005789408836966881,0.00551056162449548,0.004145742008759945
Sc3_A_15,0.004138311637630454,0.004451125124000033,0.004188942307589372,0.004950452119130033,0.005312017391395307,0.0036054687811931663,0.004272434725879237,0.006626970891958073,0.0034450049227197077,0.004113420563405468,0.0034609316980450666,0.00444155213073627,0.006344845657286102,0.00474636940269646,0.0,0.00444155213073627,0.004898689037306281,0.006470127414789584,0.004983485778643493,0.0054822215382330786,0.008325545764555131,0.005628985183029678,0.005592492636653734,0.005043027527921962,0.005946695521482193,0.004789793334830539,0.0046332465266918366,0.005702403373073817,0.005658548869508673,0.005494536708060105,0.0059762639772658055,0.005498238261448574,0.0054825590952152226,0.00633197893734927,0.005436304444644047,0.005644286021460276,0.007025321026288056,0.0065144372368119985,0.0046437555677262266,0.007132537971616726,0.006559285849212282,0.005647962155624686,0.00574650923287634,0.0058098925197300755,0.005171963301383364,0.007198000690782802,0.0069986749932160475,0.0037488548061216376,0.00626177608950107,0.007395234303771647,0.008779600169305346,0.009145047474088619,0.007542914637621023,0.005323859229065087,0.007075679944426261,0.006686844203180553,0.007345768647935458,0.00887941095469158,0.008597710330143338,0.004921697260729774
Sc3_A_16,0.002957114290856766,0.0023291535158787013,0.0024881911522608435,0.0044503025778692695,0.0035805191830575733,0.0028041540294705403,0.004184603138383536,0.007826401911100955,0.0023218338371069347,0.00427528844656444,0.0027386220417221496,0.0,0.006488092191137773,0.00523014315903636,0.00444155213073627,0.0,0.00532689336183112,0.007127899343893573,0.0074041709246605025,0.005216779221774548,0.009450990627783318,0.005748858770789789,0.006344606762209715,0.005782253101114687,0.007743080172991856,0.004397556398479607,0.006369629925809139,0.006792027395301492,0.007167746441708589,0.006175116613814868,0.007297264045836638,0.006383260287284087,0.006981371271647996,0.007533328260243999,0.007580849902004805,0.0063881022616821825,0.00904967635282694,0.007240776024720064,0.0055206917853386495,0.006704813261994236,0.0074692348181550905,0.006953368988636299,0.005309282481041677,0.006239744390577062,0.007563143265779448,0.00856915639637279,0.008283687461001499,0.004021720421676589,0.007981360390488135,0.008772245003707768,0.010533946888292456,0.010538940784726836,0.008662091362524382,0.002666177858538288,0.0074340030657080725,0.006077774645019907,0.008567286105425787,0.008632529564016056,0.00992024663423341,0.004991795593307757
Sc3_A_17,0.004536820400893871,0.004409059441148888,0.0033840369226258993,0.005483738893932166,0.004575751111796866,0.004269011130859979,0.0035813068005909887,0.0049144301990582395,0.003464090659854757,0.0027238663982658284,0.0056977025560776,0.00532689336183112,0.005138326648340796,0.003708420178996641,0.004898689037306281,0.00532689336183112,0.0,0.005301139769122054,0.006462374338743082,0.0030425937316370666,0.009110870136015192,0.005327518560721778,0.005805364451483053,0.0043168114516018985,0.005984964082197397,0.005266469934199547,0.005596226275901506,0.005722271112280297,0.006087521228936188,0.005627499296562588,0.005914637548543378,0.006509174541067475,0.006410509772541317,0.0068004293145104144,0.0065397611603783545,0.006073358477033941,0.008733450464386228,0.006108492750122596,0.003932102896609835,0.0076314223149380744,0.007037776201802237,0.005073338240701553,0.006525303648271974,0.006318153556167605,0.006733475521829346,0.005597381302037907,0.006030725585793317,0.0046595343508182285,0.006687705054200355,0.006845633413620655,0.00971396202453989,0.008026617204624387,0.006146782341666768,0.005690654056991984,0.00598821146486872,0.007143410784870685,0.006903037619609975,0.00843139625395739,0.007763215757571329,0.005289852376339277
Sc3_A_18,0.005567672255670231,0.006485884799930286,0.005635198283737819,0.005546850497228251,0.007950919681094515,0.006465343498986864,0.0065842690116812985,0.006391123911844487,0.005979563791514431,0.004667371207823678,0.0066610290660855664,0.007127899343893573,0.0076151431406619174,0.003871109392211469,0.006470127414789584,0.007127899343893573,0.005301139769122054,0.0,0.006192112916881931,0.006468744479048993,0.012093147192943299,0.00831614440515327,0.006857025467839728,0.007172381287348206,0.007124561622526948,0.008343974582170732,0.008376319933108833,0.008359234375099667,0.009414944538668424,0.008200129638654019,0.009086098423888411,0.0072841891040835716,0.008253511412607328,0.00881990296054469,0.00836234540591918,0.007252186808981098,0.009055651703912204,0.009329022812525123,0.007490612496501514,0.010738850946617196,0.004198099237369912,0.0037545699999350646,0.005340863296785847,0.004926552797975714,0.004633939950410615,0.0024202845928392724,0.004501220934223449,0.005116563890738002,0.0033763766869722156,0.0054962006257599505,0.005542662333471116,0.003146980355454909,0.0042287172683797,0.00613395899011504,0.004408361621198509,0.004657354943512715,0.004434072494075236,0.006790622107741395,0.00532210631937724,0.004824143170424233
Sc3_A_19,0.0055814554656303805,0.006616737195137001,0.0064154149809667604,0.00606984609099126,0.008138869768516077,0.0061865512261018996,0.006368175514017804,0.004638736503901009,0.0065205274907029764,0.006399094117124693,0.0068655240082898805,0.0074041709246605025,0.006897523836626784,0.004693732432097142,0.004983485778643493,0.0074041709246605025,0.006462374338743082,0.006192112916881931,0.0,0.008207569275404891,0.011365279317055998,0.00691149405750513,0.008030043956684607,0.007679175217552459,0.00674146288165689,0.008882084537387702,0.007572880283327477,0.007369603636398492,0.009862295557114042,0.00843622706245617,0.009120411671256212,0.007786672429376695,0.0070120132733628715,0.008342214560134065,0.007509139396610243,0.007930835477295783,0.008183097911819925,0.009249116307343486,0.007523197605874277,0.011407183084512162,0.00593239234702525,0.0058886045425528,0.005699016771239629,0.00703637254124867,0.006090960994025507,0.0060163140352141875,0.0063460718526685556,0.00566381632594104,0.005858129081594443,0.004434337509801045,0.007750987187994163,0.007767930146539648,0.006290802295721543,0.007337944031988064,0.0043679381706309695,0.005268878065018079,0.006164374338688883,0.006131907479756227,0.008233574672078081,0.005156483828670955
Sc3_A_20,0.0045295127647428934,0.004516003981286376,0.003317096130892372,0.005623242883670998,0.0046948621656771605,0.003816041350746757,0.004535172974372781,0.005413366482735049,0.004446281134723895,0.0034544035507826365,0.0057495135655347696,0.005216779221774548,0.005596426728089354,0.00569746744688171,0.0054822215382330786,0.005216779221774548,0.0030425937316370666,0.006468744479048993,0.008207569275404891,0.0,0.008827761453046312,0.006127895157492347,0.005582299160418636,0.0043649330564743405,0.006199822721871362,0.005872704877870394,0.005670139880523339,0.005960655319375618,0.006106302976856992,0.005121247516223448,0.006179053710291371,0.006246580243225219,0.006678274288211772,0.0066871685095332145,0.0070773008053821584,0.005726473748556726,0.008293542918109686,0.005893158067553639,0.0048895661580107275,0.005975299691705849,0.008503681024620735,0.006839877248594917,0.005957762394595778,0.006769451978415386,0.00800434813918427,0.007014172337221014,0.00795784911872277,0.005667376856957174,0.007257893749978317,0.007376921337517772,0.011434010658914695,0.009841881635847094,0.00835080594856552,0.006159063702713241,0.007014815940427299,0.0072945503595117644,0.009067336473021714,0.010428894271172773,0.009803159972266107,0.005119626756025841
Sc3_B_1,0.006724416090782892,0.007527167705628446,0.007738776760822241,0.008216179143044844,0.007142196730811179,0.0075491723096839936,0.0073532825082642805,0.010187931191943389,0.010514086382461318,0.008229942438540805,0.009097734975988647,0.009450990627783318,0.008198291698777616,0.010911469090011505,0.008325545764555131,0.009450990627783318,0.009110870136015192,0.012093147192943299,0.011365279317055998,0.008827761453046312,0.0,0.003922873027010443,0.0037964465199817887,0.00437151008353398,0.0052884081535764516,0.004184215717262574,0.0033419674943100386,0.0040691432357580215,0.002699628046352487,0.0038914087002455133,0.004269661022078153,0.0037672871564650157,0.0028432559255336942,0.0034958411259154998,0.004291996022718236,0.003587955210758942,0.00347287155473186,0.00211031760616065,0.0033232974063750476,0.006036113819986255,0.011295379451192411,0.008417891191466187,0.0094697395650577,0.01107707746585207,0.010077573014561247,0.012879008783983847,0.012856890795191478,0.00910622646730408,0.011329184677773219,0.010790470632361382,0.015753001579424164,0.016206406562918496,0.013980381131401431,0.011863756138990711,0.01236201655422875,0.01137024228536021,0.013137228767685527,0.01244794567472196,0.01411201968673248,0.011430364062484433
Sc3_B_2,0.003339560635783556,0.004657409703095583,0.0042744541301100725,0.004696846138282029,0.0038852164284824964,0.0048046691430376764,0.004178644369241535,0.006269906623575405,0.005587516829156813,0.005102514768925093,0.005613221800500945,0.005748858770789789,0.004951114951679658,0.006172094226190361,0.005628985183029678,0.005748858770789789,0.005327518560721778,0.00831614440515327,0.00691149405750513,0.006127895157492347,0.003922873027010443,0.0,0.0032371170819160966,0.0034151956180105136,0.004583881763128517,0.002982933372199681,0.002952978808717477,0.0031671346331186845,0.003453034877747174,0.003166399048437296,0.004567338158415146,0.003620687696124114,0.0025320725074337025,0.0033082665890316054,0.0038723316185972356,0.003263180635315943,0.004567505611260625,0.0031627526573145825,0.0022639219333167038,0.004762137935226507,0.0072463281930005286,0.005917246750146932,0.006164077511662147,0.007111438684546667,0.007874151519459804,0.008487681213578013,0.009152326909198316,0.005303809659106817,0.008327687098060532,0.007887738088475982,0.012286476035403338,0.010879916331129058,0.010017274428583134,0.006950239089908328,0.008159228755727832,0.0075646139372763654,0.009025137523661297,0.008333086438618298,0.010438386373984199,0.006507886571596844
Sc3_B_3,0.00460399382120813,0.005066551610584447,0.004657872806771213,0.005430944040485275,0.005127982445980894,0.005269269067174953,0.005416061263399663,0.00658391147837234,0.005702173411824107,0.004962934119069118,0.00623652587890311,0.006344606762209715,0.007108372210124614,0.006756677710682668,0.005592492636653734,0.006344606762209715,0.005805364451483053,0.006857025467839728,0.008030043956684607,0.005582299160418636,0.0037964465199817887,0.0032371170819160966,0.0,0.003663294567008646,0.003943243524762496,0.00347081408421801,0.0035350170530140668,0.0037139582857090847,0.003225645654739262,0.003418426926558471,0.004811674885181194,0.002914502061316604,0.002974503120840688,0.0035246311479119052,0.004653545523057412,0.0028531615078759565,0.003951312256447959,0.0037020100758367036,0.0028359737784466876,0.0040561664535424535,0.007632061100612764,0.005169684684174003,0.006674600805641084,0.00737377854118626,0.007465655088305656,0.007861252854124645,0.008572187798628006,0.006196034845151299,0.007538216906788908,0.0077275391499780355,0.010416214715477379,0.010267730372445105,0.009337910892268764,0.008296219323228327,0.007465669903746308,0.007353992289874212,0.009253574270088771,0.009519253080031431,0.009532890606186895,0.006667533783771384
Sc3_B_4,0.0048778157437049385,0.005307696940936024,0.004384177488084506,0.005880185600384835,0.004378840118094862,0.0041974121226541206,0.004600784735673713,0.006070782303281508,0.005835568523494428,0.0034265387448567663,0.005161736054560162,0.005782253101114687,0.006182688360534927,0.006183182922461228,0.005043027527921962,0.005782253101114687,0.0043168114516018985,0.007172381287348206,0.007679175217552459,0.0043649330564743405,0.00437151008353398,0.0034151956180105136,0.003663294567008646,0.0,0.003347397264019447,0.002536871445255162,0.0024141235178745113,0.003278603476160047,0.002345105563296812,0.002431299490399552,0.0020529381021081594,0.00315189572924901,0.0027287606742522064,0.003104365635480111,0.002498241324315309,0.002186064540958821,0.0039989774367389375,0.0029181500931224624,0.0017411894105774373,0.005061930379012591,0.0074568756968249605,0.005223150976466973,0.006828044598726213,0.006892802756258587,0.006344735854816763,0.0075945536516669465,0.008017441997434038,0.0054494247177862,0.006773567507654676,0.007987268832159389,0.010654275679691128,0.009744906463527325,0.008758978939864548,0.0071645389128111026,0.007800603990232968,0.007836230706761982,0.00858997894227731,0.009592982183051713,0.008374408022402968,0.006654240768008246
Sc3_B_5,0.006398992946115012,0.007555907964440167,0.005834203217434886,0.006489272264855739,0.00713956077012512,0.006018664785617522,0.006246891536018762,0.004867316157172619,0.0075069406699954655,0.00435322242597358,0.006350872509204075,0.007743080172991856,0.007757779452953861,0.006381933174614218,0.005946695521482193,0.007743080172991856,0.005984964082197397,0.007124561622526948,0.00674146288165689,0.006199822721871362,0.0052884081535764516,0.004583881763128517,0.003943243524762496,0.003347397264019447,0.0,0.005388413751336585,0.004532168946614901,0.0032530030883348715,0.004361828866895845,0.0038850968330435,0.0035942124679201326,0.0033955675955190667,0.0033882223940363554,0.0034415966421498245,0.003197236981178131,0.003126167217400555,0.0024988827646205136,0.003400400042193996,0.003596666191988729,0.007055769143447965,0.007000656461875199,0.0046085505922908165,0.006690130211923773,0.006678252215647107,0.005672924451073036,0.007696534988787196,0.0069498554983090655,0.00538374717115242,0.0056260568861496996,0.006565371703450618,0.009019161824941668,0.00885434134159735,0.007956455766289006,0.007971566827423393,0.006445397679982534,0.0065497503635538745,0.0076637984409813065,0.00759676032881873,0.007480616476526203,0.00555156444573357
Sc3_B_6,0.003691100492610455,0.0035693796008035017,0.003725241702684734,0.005028500991164919,0.0029748905509728862,0.0036254402990180123,0.00424244612163327,0.007219734618353901,0.004978179186525988,0.004377324704185059,0.004519176982044404,0.004397556398479607,0.00578556920285922,0.006721005207709241,0.004789793334830539,0.004397556398479607,0.005266469934199547,0.008343974582170732,0.008882084537387702,0.005872704877870394,0.004184215717262574,0.002982933372199681,0.00347081408421801,0.002536871445255162,0.005388413751336585,0.0,0.0031480678836610654,0.004076944853141251,0.0029346761730019155,0.002662114411028149,0.003943451472360637,0.0029489940943768778,0.0032348413462153225,0.003794425260735701,0.004112816203879044,0.0025519917843992435,0.005120783734833267,0.003010561807948009,0.0019869274622001942,0.004199917446206403,0.007597313051096011,0.0062302871059171094,0.006994233162422425,0.006891188732066289,0.007994894043445666,0.008730852325925187,0.009448749621316033,0.004744815579287409,0.008428462219222332,0.008788414252457355,0.012550048560613702,0.011557723066568992,0.010342092630300947,0.006253337114699331,0.008711452484629012,0.007802851324590798,0.009814612629806763,0.010920296441465527,0.01039600164403054,0.007384849217585199
Sc3_B_7,0.004689815015803456,0.005502195989193437,0.004435132723828894,0.005601331072394022,0.004639321371944893,0.0036894827470747016,0.004469183274448674,0.007922970421186504,0.006052892902087437,0.004444917380773572,0.005714319514996458,0.006369629925809139,0.006038941316930724,0.006664415963560821,0.0046332465266918366,0.006369629925809139,0.005596226275901506,0.008376319933108833,0.007572880283327477,0.005670139880523339,0.0033419674943100386,0.002952978808717477,0.0035350170530140668,0.0024141235178745113,0.004532168946614901,0.0031480678836610654,0.0,0.002654712076593846,0.0020885220422637296,0.002515920495484436,0.0024101266065179594,0.003153813715796594,0.0022756541820716514,0.0028444474530677777,0.002496501890367875,0.0028444618706491287,0.0037336845177857736,0.002725268633208877,0.0021940145626979657,0.004709228373799501,0.007329315104381617,0.005354988903681246,0.006168125507952427,0.006732505604721162,0.005986621626328348,0.008011403962642327,0.008364127073919092,0.005627033102035162,0.007933180870492551,0.008130616948269775,0.011142590487464576,0.010865780496633892,0.009501301581203436,0.007647285015628169,0.009016976987390235,0.008484743134667405,0.008856652302220436,0.009743778168346817,0.009738826207022488,0.007367950018820846
Sc3_B_8,0.0055747778974203355,0.005357809244486811,0.004616336050651371,0.004836128821546382,0.004424292260411633,0.004333775833994857,0.005115633875936054,0.006203452946983878,0.00668909156095443,0.004737680592361793,0.005969483588914359,0.006792027395301492,0.006487216418364583,0.0071815139166404585,0.005702403373073817,0.006792027395301492,0.005722271112280297,0.008359234375099667,0.007369603636398492,0.005960655319375618,0.0040691432357580215,0.0031671346331186845,0.0037139582857090847,0.003278603476160047,0.0032530030883348715,0.004076944853141251,0.002654712076593846,0.0,0.002906374445753812,0.0024722376729265916,0.0029793648964084873,0.0018584147083670066,0.0019143576515775473,0.001991381181092877,0.0030431946411909605,0.0026043637143924325,0.0023705828832149,0.0026370408867414374,0.0023998637275178814,0.005500528790126746,0.007977179402445467,0.005656659755001736,0.006671422508756297,0.007317849143281374,0.006737509381214979,0.008910221072597091,0.009254011018523634,0.005233506645736852,0.006835910635011655,0.007419683419369605,0.012535740307239585,0.011491924128969377,0.010204998105442176,0.008607171973015193,0.008098197751126301,0.008172897641569477,0.009585125783638682,0.01038947229841558,0.009788054083722852,0.006574100410759787
Sc3_B_9,0.0059294125629515415,0.006293624173273393,0.005513436424439577,0.007533637519581693,0.005134229121366629,0.005006101131966978,0.005556842606441625,0.008657339544439924,0.007346413413812036,0.005266923734480011,0.006748331371380312,0.007167746441708589,0.006981702071368945,0.00762940440063653,0.005658548869508673,0.007167746441708589,0.006087521228936188,0.009414944538668424,0.009862295557114042,0.006106302976856992,0.002699628046352487,0.003453034877747174,0.003225645654739262,0.002345105563296812,0.004361828866895845,0.0029346761730019155,0.0020885220422637296,0.002906374445753812,0.0,0.0022888732990248295,0.002030982895028899,0.00310691697588239,0.0021185967828635244,0.0029006484985435455,0.002586488203897175,0.002556546257324599,0.004062048512039063,0.002478338949553849,0.0016064110286078126,0.005356325593692368,0.009544289525209804,0.0064510505260617634,0.008716109961217855,0.00833348288340674,0.007812139382551653,0.009685142514107903,0.010037125620230847,0.006838428767439786,0.00873591398243656,0.009874418183144384,0.013142359686559857,0.012430938992226803,0.010916357274524446,0.008572927397131114,0.010230691908088008,0.00977080785822404,0.010497794756362033,0.011884770431102254,0.010967500165905975,0.00875385920340721
Sc3_B_10,0.004697189625154419,0.005136719237688325,0.004469273144336761,0.004917086084435418,0.004002248738866898,0.0038042268755962283,0.004542946957826199,0.006603008909801922,0.006772387777939537,0.004445451793837485,0.0053514731229498125,0.006175116613814868,0.005443699817578751,0.0067979124499565335,0.005494536708060105,0.006175116613814868,0.005627499296562588,0.008200129638654019,0.00843622706245617,0.005121247516223448,0.0038914087002455133,0.003166399048437296,0.003418426926558471,0.002431299490399552,0.0038850968330435,0.002662114411028149,0.002515920495484436,0.0024722376729265916,0.0022888732990248295,0.0,0.002817873026486617,0.0021474015470964725,0.002191831440179315,0.0018867435181992853,0.0022807827342967713,0.0018842819752979967,0.00298912305729393,0.0020999629122537833,0.0018694913982005845,0.003989013752251025,0.007410385142843534,0.005829962433209879,0.006189536159559084,0.006063780289174758,0.007135598591440417,0.00793436813079662,0.008664028533301504,0.005144795178094408,0.0073646271253293705,0.007685551154833603,0.011922583197688463,0.01083194238201357,0.009854635930410582,0.007376760179560904,0.008161680724462661,0.008104383500755818,0.009760904362629996,0.010298248833827683,0.009699307603835416,0.006697728214211995
Sc3_B_11,0.006808246352199898,0.007002093540704912,0.00596773045438892,0.007784307638429411,0.006207446757997781,0.004964444165537429,0.005755020721815662,0.008322648045217429,0.007715488752889965,0.005009202688215586,0.006859648084993286,0.007297264045836638,0.008269733929821221,0.007084883451484392,0.0059762639772658055,0.007297264045836638,0.005914637548543378,0.009086098423888411,0.009120411671256212,0.006179053710291371,0.004269661022078153,0.004567338158415146,0.004811674885181194,0.0020529381021081594,0.0035942124679201326,0.003943451472360637,0.0024101266065179594,0.0029793648964084873,0.002030982895028899,0.002817873026486617,0.0,0.0032431955024538883,0.0026562489225900876,0.002392266896008799,0.0019318039930487085,0.0024879444578811416,0.0034570896179566546,0.002996641822044732,0.002189276756465297,0.006330519794967127,0.009044018405419019,0.006193070850439186,0.008206768659423158,0.007969439645778786,0.006219178636442946,0.009181212567034747,0.008850807285860296,0.006427561544820715,0.0073116038335990785,0.009170406729425595,0.011857125295418047,0.01132428553010889,0.009466716829100608,0.008463089763261378,0.009519299522430025,0.009330341155841415,0.009511097964468695,0.01024007129931137,0.009906285284490335,0.008022225321055121
