,Sc5_A_1,Sc5_A_2,Sc5_A_3,Sc5_A_4,Sc5_A_5,Sc5_A_6,Sc5_A_7,Sc5_A_8,Sc5_A_9,Sc5_A_10,Sc5_A_11,Sc5_A_12,Sc5_A_13,Sc5_A_14,Sc5_A_15,Sc5_A_16,Sc5_A_17,Sc5_A_18,Sc5_A_19,Sc5_A_20,Sc5_B_1,Sc5_B_2,Sc5_B_3,Sc5_B_4,Sc5_B_5,Sc5_B_6,Sc5_B_7,Sc5_B_8,Sc5_B_9,Sc5_B_10,Sc5_B_11,Sc5_B_12,Sc5_B_13,Sc5_B_14,Sc5_B_15,Sc5_B_16,Sc5_B_17,Sc5_B_18,Sc5_B_19,Sc5_B_20,Sc5_C_1,Sc5_C_2,Sc5_C_3,Sc5_C_4,Sc5_C_5,Sc5_C_6,Sc5_C_7,Sc5_C_8,Sc5_C_9,Sc5_C_10,Sc5_C_11,Sc5_C_12,Sc5_C_13,Sc5_C_14,Sc5_C_15,Sc5_C_16,Sc5_C_17,Sc5_C_18,Sc5_C_19,Sc5_C_20
Sc5_A_1,0.0,0.18808484101766232,0.20398496078589068,0.2449349335639438,0.21299485417993091,0.32541280577534526,0.3183395169527983,0.28371073135245506,0.3109977756687681,0.3010679120993013,0.365229543745369,0.29404755421546536,0.29939215570945876,0.405492708072,0.30785413742845713,0.3928774417107973,0.3660066590294634,0.3985389474790799,0.2861983628923188,0.31636959858811575,0.04579945221326387,0.22063329780402885,0.2469227798482686,0.28840298426091426,0.2597348828354964,0.3804359446463459,0.36328085607312965,0.330867683144346,0.3500129411852074,0.33863186285295244,0.41234659193235446,0.336881739985743,0.33429002527023854,0.45549017240496426,0.359586437869304,0.4149974089852374,0.40407910692128046,0.4365870779683927,0.32714616253553197,0.3593134294203286,0.018681506677343918,0.21586031105952885,0.2293319265273367,0.2699475162335845,0.23119493936082947,0.3591364664957636,0.34896159678901206,0.29862963052621183,0.33573935137440136,0.319597640346999,0.39963168095303203,0.3201069196536289,0.32392416529008694,0.43157161234533636,0.3305183057802955,0.42241382906829905,0.38792595240618477,0.4149024350114082,0.30592731624373837,0.33777390854496414
Sc5_A_2,0.18808484101766232,0.0,0.2577886618733205,0.22841066080442307,0.2560303349257347,0.31560660536876683,0.3491209640518951,0.3120658348708234,0.2524112775463845,0.3272576019908011,0.33881836173997804,0.3395352814843552,0.3250989574709724,0.4440219610954381,0.39038451779833894,0.34102886865765525,0.43588244987547775,0.44355264444036047,0.3352332088507952,0.32594348821752783,0.22952301716453105,0.03886527032564313,0.2986057315288262,0.2702095466364425,0.3048527434311997,0.37047451171965484,0.3935776752748932,0.35958942578951403,0.29630287839885716,0.36624763675915917,0.38666724717717804,0.3814512947577353,0.3650712937790589,0.4903710324526962,0.44181257935400065,0.37008381485401143,0.4737554270418388,0.4820728292728659,0.3781287648424745,0.37039633605874966,0.20534548133750008,0.013846396655465054,0.278596265158118,0.24492181117856138,0.27189243934860063,0.3416890168533181,0.37449637166067085,0.3229995181612394,0.26746751035666694,0.341697805492276,0.36465758146668514,0.3588043862910344,0.3456592861249428,0.4658526003917638,0.41292713505317347,0.36410257668591706,0.45590412686801773,0.461038153267295,0.3520597337282937,0.34344108863767586
Sc5_A_3,0.20398496078589068,0.2577886618733205,0.0,0.19042017315076432,0.1589640799576949,0.29084020806859945,0.28940917222013807,0.23863310848116825,0.2718475452411757,0.2656369406323178,0.34380525236327686,0.26849767119951606,0.27548798809368136,0.3715106931158426,0.30423399615403945,0.4381618262060044,0.38184311357783196,0.4006164045138174,0.25051437483534755,0.3353649411515722,0.23684405350284143,0.29051021806803945,0.03877283574011425,0.2284519712645785,0.20309811970691483,0.3353075423731078,0.3322162814151013,0.28292432260613687,0.3030865125985964,0.297902191103008,0.3816792016725691,0.3034954300539433,0.3070137563054527,0.41070111948345367,0.34573429537507794,0.45318400096591305,0.4133665047323384,0.4310199436674045,0.2850139540810287,0.3668522151098351,0.22605836358085696,0.2879214665901182,0.015909549392980837,0.2124359853763388,0.1709783036596354,0.3207842772536156,0.3164547238516011,0.2500715757990053,0.2947629709030303,0.2813495080762596,0.3760028935183042,0.29202540559712176,0.29584166453671334,0.3931522295428389,0.32326648075239417,0.46630571585569847,0.4049346014120796,0.41648071785709795,0.2651272383135703,0.35619002302175207
Sc5_A_4,0.2449349335639438,0.22841066080442307,0.19042017315076432,0.0,0.17421820415800693,0.24151443484047275,0.255557202358512,0.21508037812571934,0.23549282292974993,0.2528001198236749,0.2963062320613793,0.27504217434809686,0.23032248246310694,0.3767976710321842,0.31623996204913596,0.3874089447663419,0.36982914833770786,0.3673732543343522,0.2454019388179789,0.26372111236701434,0.2650819226558886,0.25509590623590594,0.21549639029987755,0.03530461219553638,0.2113556277361972,0.2800278249442454,0.28719451005583496,0.24695742258160192,0.26124208245462144,0.2779832794156205,0.3277727398050446,0.3042380334148749,0.2557209768497347,0.40953773797274085,0.350388158218483,0.39528843849798123,0.3952512283030859,0.3918780528562459,0.27580703104597637,0.28972078429892534,0.27419954376751676,0.2622075820392722,0.21795594590528444,0.01693930053560866,0.19503484625097567,0.2745923550142999,0.284238358322222,0.23141537289908665,0.26185332311305476,0.27269539438994306,0.33300160838061077,0.3042233845962331,0.2539940141723209,0.40241935157494524,0.34287438779720747,0.4209608420794758,0.3961684889630189,0.3885388843886123,0.26457662613535127,0.2875545759882209
Sc5_A_5,0.21299485417993091,0.2560303349257347,0.1589640799576949,0.17421820415800693,0.0,0.28077144281041266,0.25802484077460597,0.23722906217066808,0.2761588485984321,0.23176951525045464,0.30320814832902565,0.21027906414518738,0.2135603750739079,0.32564360905461864,0.29935172315224046,0.40951573369135386,0.32017143266311254,0.371902392219463,0.19561967061454288,0.26990575704858877,0.22660617513160974,0.27307768706385294,0.17952590119607714,0.2000882004707213,0.03484679940493751,0.31039067323141134,0.2888902305249451,0.2630951891932617,0.2970333648568172,0.2538424732940745,0.3257218419654264,0.2347961965001777,0.23346732732132525,0.35290584515852186,0.33180106777881024,0.4050002031752429,0.33935039950926893,0.3858792815297677,0.2227310732175526,0.2925907080312541,0.24174439044391438,0.292177204766787,0.18757272998180474,0.20246578454908237,0.0160155933934798,0.31815074546710376,0.28928741142183123,0.2530045632227039,0.3055921584330876,0.25525341439545857,0.34139236309597687,0.23888996505384508,0.24131704773632123,0.35108173222995953,0.3254379889040653,0.44426532703519295,0.34517336277955024,0.39100291445283397,0.21773951603461406,0.2980591368761777
Sc5_A_6,0.32541280577534526,0.31560660536876683,0.29084020806859945,0.24151443484047275,0.28077144281041266,0.0,0.3214638881495139,0.261366538049266,0.28509487118609045,0.2624566715039881,0.09284176749758055,0.34212174790323646,0.27588996693085077,0.34188889896057306,0.30574173657708203,0.26139293657729046,0.3512874363602344,0.264965255421564,0.31501011613336094,0.12202048698268086,0.34200883732348775,0.3362437288516782,0.3110490348811903,0.27119318299145745,0.3125280296687375,0.049879029864759894,0.356934169846732,0.29824152828568473,0.32026399838759123,0.2955682886912555,0.13622613223828062,0.3664824564318113,0.30279435184942205,0.3738343607700607,0.3368117982099268,0.2682749929978723,0.3779238834343994,0.29020915147600923,0.3492555441052604,0.15906628027049285,0.3573325083429352,0.35265158007111075,0.3200824162473648,0.27326400280088536,0.30885261795613284,0.021158863937945527,0.3590270650338757,0.28023028142304385,0.3161863911320225,0.2869998637737827,0.12365860625746694,0.37495341918101965,0.30679720547261347,0.3691755552837468,0.3350593351526975,0.2889227765846376,0.3797325822447086,0.28644837480767293,0.34115773720947407,0.1410196273084814
Sc5_A_7,0.3183395169527983,0.3491209640518951,0.28940917222013807,0.255557202358512,0.25802484077460597,0.3214638881495139,0.0,0.19874482387631232,0.3033954798311006,0.19847974674726043,0.31647833169677286,0.3375638952984352,0.21509375884347814,0.2763758375770683,0.2765710627190989,0.45450035571805547,0.24913811078248282,0.38630929303023875,0.2793766692046923,0.3208266123178405,0.3274492442112866,0.36409177547905447,0.3072767073769529,0.28616531908942355,0.2866487957748982,0.3568674191559571,0.03139412587870771,0.22543337509995232,0.3266461376706359,0.2262165854253848,0.34542624626728213,0.3606837259247755,0.24075696627460363,0.31291097263249057,0.31403866701780825,0.45693443014438273,0.27531635084539907,0.407317992309128,0.3045325301397217,0.3458206500312082,0.35597071262113134,0.38719200164900613,0.3222589815863244,0.28907843841548864,0.28953942117530307,0.3645601836429845,0.014740743654193533,0.21528739295148858,0.3362692169373038,0.21832233259443312,0.35493235402704104,0.3695516574105324,0.24235678418149287,0.29994392698624917,0.3058366165026388,0.4916924346776501,0.2755848039784661,0.4106555688371667,0.3069447110429091,0.3502455547433526
Sc5_A_8,0.28371073135245506,0.3120658348708234,0.23863310848116825,0.21508037812571934,0.23722906217066808,0.261366538049266,0.19874482387631232,0.0,0.24077026296893334,0.18486876545908493,0.2676137045991034,0.306056306556278,0.2625057017378808,0.24764861389434056,0.22554174189605958,0.4004828611414929,0.3212121440411746,0.3484445117250703,0.32143391900128304,0.29795177974934295,0.29701838868656893,0.32859924045075206,0.26029036354297885,0.24278004644863638,0.26743951282587874,0.3006027950097907,0.2338314660006643,0.0433991847504428,0.2610931201860056,0.21343494598581658,0.2998216522157199,0.33197754139187785,0.2857734527051684,0.28318136139185957,0.26520900556466576,0.4080268900193016,0.34810671672788984,0.3723296588870677,0.3469282983379014,0.3251585659053945,0.3213347321978023,0.3539595572226033,0.27348758452424704,0.25029263893745324,0.2678985896761691,0.3065366757377056,0.2325823400424899,0.01860197584502077,0.27412964431279563,0.20728700299101188,0.30933045168491,0.3424111265961103,0.2945768733849765,0.2736443895749352,0.2566604997846764,0.44207021128011303,0.3561246414441893,0.3792207367610827,0.3516788827124654,0.3339426706108498
Sc5_A_9,0.3109977756687681,0.2524112775463845,0.2718475452411757,0.23549282292974993,0.2761588485984321,0.28509487118609045,0.3033954798311006,0.24077026296893334,0.0,0.19124939686839504,0.28979563353054993,0.3654387895884246,0.22940589097013864,0.3622660772519637,0.2993424861195698,0.3181451498486607,0.3945582794997221,0.3472310953778228,0.2707331605723313,0.2658356035196271,0.33367033264133983,0.2800926324818994,0.298059391482393,0.2673303230926275,0.3115042013708289,0.33199081900778604,0.3422206917186953,0.27924489941731057,0.03254299342671507,0.21893731942028904,0.3291635440956978,0.39834757652562225,0.26402872617938644,0.40722228772255353,0.344953852300384,0.33828968806122206,0.4289323703811727,0.3837103445796969,0.30422110203423025,0.30183370199906345,0.34388878517065735,0.28610252251751744,0.3018190665463587,0.26426663032121045,0.3022539218911078,0.32378039905111045,0.33586266140027543,0.26171812128497707,0.013904441209485086,0.20834613179481232,0.3261169157446492,0.39792383718225577,0.25368851658739955,0.3888429242923669,0.32754397933794044,0.35101355303265913,0.42444940286937505,0.3727453165752732,0.2947370908707675,0.29389513490822294
Sc5_A_10,0.3010679120993013,0.3272576019908011,0.2656369406323178,0.2528001198236749,0.23176951525045464,0.2624566715039881,0.19847974674726043,0.18486876545908493,0.19124939686839504,0.0,0.2719899934246264,0.3235647572050173,0.1644333118327237,0.2526654032459045,0.2016635486602173,0.38534889469660194,0.25721110112149126,0.2730432137224661,0.22831475739304286,0.2692982251580833,0.31008017982284297,0.3430363109998582,0.281567152638613,0.277851000615705,0.25784071094638017,0.3013186591293032,0.23418942776687213,0.2170921590023812,0.21491481686192826,0.028560897956967035,0.3016225646511773,0.34518969615768413,0.18924058623605156,0.2930851573359551,0.2404685685801008,0.3859797088656264,0.2864699259562282,0.2985784181156642,0.2562229059143307,0.29661605609084085,0.3420601894251588,0.3722044226535446,0.3014458958690899,0.29003760508977683,0.2604924621959519,0.308023321157173,0.2336787993250774,0.2111876483362608,0.22176293742021724,0.012344719979459184,0.31431177904815544,0.3615006268173653,0.1927836520316114,0.27910953092976354,0.2321397460052962,0.4239142130499355,0.2879999737524551,0.29821296457159163,0.2562491566509273,0.30367576759352277
Sc5_A_11,0.365229543745369,0.33881836173997804,0.34380525236327686,0.2963062320613793,0.30320814832902565,0.09284176749758055,0.31647833169677286,0.2676137045991034,0.28979563353054993,0.2719899934246264,0.0,0.3547629675296746,0.2869721116197673,0.3243408137300613,0.34593969989714335,0.24889516877486673,0.3397632403205726,0.297370413125981,0.3218934950301584,0.1373010787113399,0.38700641407675596,0.36433338102609336,0.3691878657628124,0.32822820209036296,0.33829949583916896,0.14992549472652983,0.35847554589150077,0.3109671264429643,0.3311987841585958,0.30997106990505385,0.05055681545945612,0.38212031144068903,0.3206548064442304,0.3621325226859331,0.3816075238121801,0.2621970629192859,0.3736885572928563,0.32531947905583913,0.3596409381069622,0.18017318108390445,0.3947509246212024,0.3738776966420697,0.3709731574197973,0.32561009051336176,0.32914720180359214,0.1169278302826251,0.3496922625676132,0.28347082257955203,0.3190566985555485,0.29386475425617276,0.020392439479983704,0.38241530326036055,0.31512834245551724,0.3475691710207216,0.3750568027904927,0.2711119348858797,0.3647558029885599,0.3157227687169162,0.3446152653240031,0.1542164305202669
Sc5_A_12,0.29404755421546536,0.3395352814843552,0.26849767119951606,0.27504217434809686,0.21027906414518738,0.34212174790323646,0.3375638952984352,0.306056306556278,0.3654387895884246,0.3235647572050173,0.3547629675296746,0.0,0.29145138984906116,0.4050728018460016,0.32213933599349154,0.4776832633360002,0.39167788158013994,0.42319692484209637,0.3131012149980741,0.3473404652614229,0.3198870824219867,0.36883998668164897,0.29760807956851554,0.30983076930938924,0.25288231149068785,0.38202912903743413,0.3750192419141656,0.34628392228405813,0.39355495443963706,0.34939360406190545,0.38809123359466935,0.0376911122887178,0.32032826917168333,0.44173990045154543,0.36559759944280334,0.4903607315686159,0.42108118976290276,0.4496086374132806,0.34085845424045824,0.3779217386347774,0.32436281215667895,0.3744139478104783,0.2961682256707282,0.3029955531944407,0.2285410024343435,0.37553525711715485,0.3671840702106508,0.3243059487466339,0.3909722749001605,0.342372871464101,0.38959518971410934,0.01846137892359634,0.3171393747257496,0.42853899599259626,0.34519795086873617,0.5096200757032316,0.41443656467404777,0.44099207143632324,0.33414045755721333,0.3702471210789702
Sc5_A_13,0.29939215570945876,0.3250989574709724,0.27548798809368136,0.23032248246310694,0.2135603750739079,0.27588996693085077,0.21509375884347814,0.2625057017378808,0.22940589097013864,0.1644333118327237,0.2869721116197673,0.29145138984906116,0.0,0.2879644154759182,0.2634914442736632,0.39277724589611074,0.28723139142605036,0.3499874228382984,0.1956854744768215,0.2704348058398186,0.32428974726823623,0.3548001165913576,0.30268519729727317,0.2688250130306974,0.25633060124819884,0.32530783136701213,0.26016048999109254,0.30048723507678765,0.26324521048182326,0.20038356133196378,0.33154610232981363,0.3270619257176107,0.04088493448732711,0.33262465270239194,0.3114939212605772,0.40756304433956847,0.32462693945072707,0.3832431251290207,0.23787817896259578,0.31032211279052213,0.3366205866774302,0.36536642857388324,0.3079647229354777,0.2665903267080644,0.2419638382521727,0.3162373671097737,0.24595325170267712,0.28238296163301047,0.2589225635302148,0.18327333024069137,0.32488636842134044,0.32487253306951913,0.016277725999089943,0.31344397693124537,0.29301144851809624,0.4274027251429986,0.3147979652994838,0.37194040769940595,0.22043514325913183,0.2998847385926724
Sc5_A_14,0.405492708072,0.4440219610954381,0.3715106931158426,0.3767976710321842,0.32564360905461864,0.34188889896057306,0.2763758375770683,0.24764861389434056,0.3622660772519637,0.2526654032459045,0.3243408137300613,0.4050728018460016,0.2879644154759182,0.0,0.26623607964404084,0.44568343391595044,0.21996203598262876,0.3576534337867191,0.300820690992355,0.3493759794486012,0.40720584878404686,0.4457743742134709,0.377750749118818,0.3948915908200187,0.34554207141081605,0.37225256967161224,0.3090649932301016,0.27427541353874973,0.37691729459810575,0.27782285290675435,0.3458699425762428,0.4168190974279654,0.30523563138004683,0.032634924251626396,0.2983649163302694,0.43721378265434296,0.24285663187462914,0.3699330128572821,0.32148949255567427,0.36431710566234876,0.44682043399235594,0.48889171034420575,0.4085489998295224,0.4175283527530076,0.3596467455418446,0.3880548715970996,0.31435528225170795,0.2742103277479315,0.39886172777594686,0.2791312461580687,0.36687298163788473,0.4423272960687614,0.3214566889568736,0.013452052703603945,0.2981495172590687,0.4841488223938245,0.24789951756276407,0.3844061049607356,0.33170131056063246,0.3848328544101829
Sc5_A_15,0.30785413742845713,0.39038451779833894,0.30423399615403945,0.31623996204913596,0.29935172315224046,0.30574173657708203,0.2765710627190989,0.22554174189605958,0.2993424861195698,0.2016635486602173,0.34593969989714335,0.32213933599349154,0.2634914442736632,0.26623607964404084,0.0,0.3990367488175691,0.26903925044734667,0.22270012215596158,0.28713196394953033,0.29099049502427743,0.31132281840790244,0.3960939228023296,0.30936815766517367,0.33449300634350787,0.31518016113174974,0.3318630098007487,0.30490385015135346,0.25399367810073703,0.31326389118964093,0.2208064013605041,0.3648379443211115,0.3376098305133539,0.2757639621531598,0.29661084328333964,0.037728161401662685,0.39555867360895913,0.289489394441939,0.23715903776679037,0.30289626406215375,0.3065868663660871,0.34469464184914567,0.4329788921850737,0.3383720458763303,0.35076868912094916,0.32771531795450926,0.345734357878383,0.31123992129644396,0.24976521933293194,0.3289128025828084,0.22026549113831229,0.38676679792004975,0.354377381070203,0.2918986332865704,0.2857196627859976,0.01538462851702127,0.43624954128831694,0.29349779698176837,0.24015600540997883,0.31261341463863634,0.31747782050153395
Sc5_A_16,0.3928774417107973,0.34102886865765525,0.4381618262060044,0.3874089447663419,0.40951573369135386,0.26139293657729046,0.45450035571805547,0.4004828611414929,0.3181451498486607,0.38534889469660194,0.24889516877486673,0.4776832633360002,0.39277724589611074,0.44568343391595044,0.3990367488175691,0.0,0.4573168579915776,0.3322064881311201,0.40500598932012655,0.24776905015653528,0.43198307831461313,0.3793539553038455,0.4770254093793276,0.4328672002364756,0.45919969032708163,0.3274881867502687,0.5073964176652315,0.45574118617838266,0.3740466278220278,0.43064698037960314,0.3121967592467161,0.5206500886801886,0.43851566463451896,0.4892893143256638,0.44865388890081126,0.04926298592004286,0.5045324834434042,0.371351880705156,0.45417952665871775,0.3050943180928891,0.4204634149041594,0.36962545186692564,0.46640011143297233,0.41795697791253084,0.43514737977535756,0.2870175664922592,0.489820150918845,0.41937619878601684,0.3398330059285568,0.40678289636211873,0.2754973404945964,0.507720695240703,0.4219440539328648,0.4698815092739771,0.4250404109961713,0.015306133709035219,0.4822620362560196,0.34989047128053963,0.42744533266957363,0.2654942902147922
Sc5_A_17,0.3660066590294634,0.43588244987547775,0.38184311357783196,0.36982914833770786,0.32017143266311254,0.3512874363602344,0.24913811078248282,0.3212121440411746,0.3945582794997221,0.25721110112149126,0.3397632403205726,0.39167788158013994,0.28723139142605036,0.21996203598262876,0.26903925044734667,0.4573168579915776,0.0,0.3224531406288088,0.2851440660413771,0.30473895642976656,0.38196202095148424,0.45084389376471457,0.4007422187929657,0.39871707210301843,0.350068541896873,0.39811830510906887,0.2905253715814663,0.3569204307349949,0.4279745272034411,0.2956283885861297,0.3804113937039728,0.4174687002611591,0.3200849000535658,0.27046879757299225,0.31579508079547414,0.4605195179634445,0.0378655925666157,0.3503730629678806,0.3210502832532731,0.3400675356439953,0.40846767995388733,0.48197935312841744,0.4183772656958681,0.40993005495981727,0.3538247687157402,0.4003766220953794,0.2859857391406885,0.347409047827675,0.43681595988095434,0.28690508649305513,0.38369410841888696,0.4295000399175586,0.3255386691662021,0.244671119433145,0.30227530163787386,0.4945753567966208,0.015774156833644137,0.347256401931729,0.3177337038317647,0.33808577732438105
Sc5_A_18,0.3985389474790799,0.44355264444036047,0.4006164045138174,0.3673732543343522,0.371902392219463,0.264965255421564,0.38630929303023875,0.3484445117250703,0.3472310953778228,0.2730432137224661,0.297370413125981,0.42319692484209637,0.3499874228382984,0.3576534337867191,0.22270012215596158,0.3322064881311201,0.3224531406288088,0.0,0.3031229260818157,0.23409989945657683,0.4203136381219357,0.46768006779428506,0.42054281305304686,0.39793074532021255,0.40323683322709536,0.3167391264931706,0.42585304260942636,0.3918442695857266,0.382979271006221,0.3086708974107587,0.33925760911971803,0.45439014324564475,0.37998443153822714,0.4056792189308277,0.26740932908133275,0.3496670091149805,0.36062718191891996,0.044147777595012205,0.3388411718342407,0.27421646462797633,0.4334115915680574,0.4862980777228745,0.4323827319682446,0.40182534726210184,0.401245765528519,0.3002579505826034,0.42603617671587635,0.37437809246348663,0.3804084424230004,0.2983447049359943,0.33403052594867977,0.4583823096895333,0.3833183706519159,0.38651999228986866,0.24660731670463498,0.36082386666288957,0.34829590588305526,0.01576266028058171,0.32872552605889827,0.25784217326899206
Sc5_A_19,0.2861983628923188,0.3352332088507952,0.25051437483534755,0.2454019388179789,0.19561967061454288,0.31501011613336094,0.2793766692046923,0.32143391900128304,0.2707331605723313,0.22831475739304286,0.3218934950301584,0.3131012149980741,0.1956854744768215,0.300820690992355,0.28713196394953033,0.40500598932012655,0.2851440660413771,0.3031229260818157,0.0,0.24778002342921035,0.30176410242177143,0.35673324100143233,0.26845840799935605,0.2763374641651427,0.22913772404970767,0.35342634737566814,0.31667735809365005,0.3524179927360642,0.29662760732903615,0.2569259035301181,0.35242416239296004,0.33764944618910087,0.2243959229888769,0.34071038364360595,0.3242409182974476,0.4063461775934788,0.3143373431887815,0.32920040712922005,0.03402501027065763,0.26765552581413565,0.3227344780828849,0.37980483027596135,0.28480629172559113,0.2817991669547423,0.22022303846616742,0.3611442603254593,0.31799142697440286,0.34764713568851935,0.30125187739411274,0.2523329684359592,0.36428974764199806,0.3473549601232506,0.22405064399744878,0.3271292403590128,0.3157990570246473,0.4426994975288041,0.3102315993325905,0.32076716082665613,0.015045636577828203,0.2756206566018775
Sc5_A_20,0.31636959858811575,0.32594348821752783,0.3353649411515722,0.26372111236701434,0.26990575704858877,0.12202048698268086,0.3208266123178405,0.29795177974934295,0.2658356035196271,0.2692982251580833,0.1373010787113399,0.3473404652614229,0.2704348058398186,0.3493759794486012,0.29099049502427743,0.24776905015653528,0.30473895642976656,0.23409989945657683,0.24778002342921035,0.0,0.34024215988251116,0.3551445653874995,0.35967740123542935,0.30057075260153343,0.30750930672608634,0.18056395581321116,0.3627485157655941,0.340451555395352,0.30649111028651954,0.30667899243225305,0.1900470820927752,0.3794543325906925,0.30623830605028934,0.3894959843592404,0.32913920481558,0.26472334617637683,0.344517275579324,0.2668360464129864,0.2879944011823605,0.046355604405835305,0.35417073165375257,0.3695207229647688,0.3704698742381646,0.30187939779187434,0.3040156186347929,0.16040319670475112,0.36376022933365926,0.3244936100384962,0.30083628904275417,0.3007886881511893,0.17596006301421663,0.38553282335971073,0.30711622352769863,0.38025025502069987,0.32527809208424385,0.28208371309846525,0.3350867314587479,0.25736698856820517,0.2778530946746647,0.019238317609382216
Sc5_B_1,0.04579945221326387,0.22952301716453105,0.23684405350284143,0.2650819226558886,0.22660617513160974,0.34200883732348775,0.3274492442112866,0.29701838868656893,0.33367033264133983,0.31008017982284297,0.38700641407675596,0.3198870824219867,0.32428974726823623,0.40720584878404686,0.31132281840790244,0.43198307831461313,0.38196202095148424,0.4203136381219357,0.30176410242177143,0.34024215988251116,0.0,0.18181131894979818,0.19815249207098073,0.23475755294756584,0.19799985158996092,0.30688118183124424,0.3017563738395038,0.2607304984579517,0.3016565126169074,0.2811098367070044,0.3429715658930377,0.2842423667594238,0.27860584875425753,0.3901044051753094,0.289120374222371,0.3659418589008101,0.34182650023772143,0.37848216054095396,0.27135258738845447,0.29716846302733335,0.052634707605242026,0.24641967835490863,0.25151905893824666,0.27874492221738034,0.23520794289279423,0.3632363547454627,0.3473248088424077,0.2985646656242449,0.3475995937821289,0.3181326358679817,0.4093981882289929,0.33464165928766254,0.3380181769526157,0.420655333149205,0.3226654796395033,0.45179404122063094,0.39370715236288745,0.425613111752141,0.30984018738087915,0.349711965259913
Sc5_B_2,0.22063329780402885,0.03886527032564313,0.29051021806803945,0.25509590623590594,0.27307768706385294,0.3362437288516782,0.36409177547905447,0.32859924045075206,0.2800926324818994,0.3430363109998582,0.36433338102609336,0.36883998668164897,0.3548001165913576,0.4457743742134709,0.3960939228023296,0.3793539553038455,0.45084389376471457,0.46768006779428506,0.35673324100143233,0.3551445653874995,0.18181131894979818,0.0,0.2580832766089941,0.22759415116775472,0.253303136084868,0.3099782884210107,0.3445172248703403,0.2997429117199104,0.2606440508317255,0.32241514803047955,0.3295861043259666,0.3401955386244636,0.3208639957128029,0.43315677076006454,0.38045475868415635,0.32699584155310546,0.417558696929641,0.4337606035462136,0.3353972818857245,0.32266611522981126,0.22536694878720742,0.040996336990476334,0.30006482322490147,0.25963302210661643,0.28005146307666207,0.3500336365246134,0.3791879433308252,0.3263383628752109,0.2850140970601517,0.3480257231710667,0.3772858382337264,0.3761866264840983,0.3649881984370307,0.4558054141180037,0.40709209916192035,0.3928218694524085,0.46063908855819136,0.47495409017999524,0.36267712936713536,0.36182719979549993
Sc5_B_3,0.2469227798482686,0.2986057315288262,0.03877283574011425,0.21549639029987755,0.17952590119607714,0.3110490348811903,0.3072767073769529,0.26029036354297885,0.298059391482393,0.281567152638613,0.3691878657628124,0.29760807956851554,0.30268519729727317,0.377750749118818,0.30936815766517367,0.4770254093793276,0.4007422187929657,0.42054281305304686,0.26845840799935605,0.35967740123542935,0.19815249207098073,0.2580832766089941,0.0,0.18536193950256574,0.15414654185917454,0.2727805647158731,0.2846859734483336,0.227187352068684,0.26397703262352334,0.2522884129752282,0.32387620524917404,0.26037279844214756,0.26009429302447273,0.3555049328641092,0.28282170047140287,0.41157374470032926,0.36073988745062513,0.37781283251843967,0.23721552925337452,0.3124918378437983,0.2582533468034748,0.3186100186232146,0.04456681299701171,0.22740832545660972,0.18358937138094,0.32979442042611484,0.3249236862694669,0.25976274941646194,0.31110332126370943,0.2880600336937569,0.3900986847878448,0.31079305292199444,0.3136599032369364,0.3880819836864092,0.3179020455907159,0.49622332078898,0.4143203811557298,0.42626812995127505,0.27250735478821064,0.3697223714773097
Sc5_B_4,0.28840298426091426,0.2702095466364425,0.2284519712645785,0.03530461219553638,0.2000882004707213,0.27119318299145745,0.28616531908942355,0.24278004644863638,0.2673303230926275,0.277851000615705,0.32822820209036296,0.30983076930938924,0.2688250130306974,0.3948915908200187,0.33449300634350787,0.4328672002364756,0.39871707210301843,0.39793074532021255,0.2763374641651427,0.30057075260153343,0.23475755294756584,0.22759415116775472,0.18536193950256574,0.0,0.17235419613808567,0.23294527218861816,0.2567341112715653,0.20216522865986708,0.23385546123347523,0.24538736047751097,0.2827806842185767,0.272937712771117,0.223720194623221,0.37130218943457205,0.3044528212316763,0.3667475569870633,0.3575104581206162,0.35553879084963813,0.2444469482632312,0.253952291774998,0.30310433483431976,0.2915754752410382,0.24294048510638988,0.03574400312371184,0.20927703972462974,0.2896138997694132,0.3029583112062145,0.24526494355592565,0.281217991573695,0.2864112849596384,0.35019632798526634,0.32371857454846154,0.27959155076488196,0.4072409313832166,0.3473140521426612,0.45573748059535957,0.41316414570084725,0.4075774966018607,0.28304462654834994,0.3114355972434958
Sc5_B_5,0.2597348828354964,0.3048527434311997,0.20309811970691483,0.2113556277361972,0.03484679940493751,0.3125280296687375,0.2866487957748982,0.26743951282587874,0.3115042013708289,0.25784071094638017,0.33829949583916896,0.25288231149068785,0.25633060124819884,0.34554207141081605,0.31518016113174974,0.45919969032708163,0.350068541896873,0.40323683322709536,0.22913772404970767,0.30750930672608634,0.19799985158996092,0.253303136084868,0.15414654185917454,0.17235419613808567,0.0,0.2642973783246175,0.25540044446723087,0.2208497149552453,0.2707796025011,0.22192037688252064,0.2827362617579917,0.20935096060937275,0.20454488140447047,0.31567012259129135,0.2826316292450516,0.37879468653116033,0.3013587407017645,0.3488341738133919,0.19319147724527508,0.25551169283658437,0.27666074747638725,0.3308214938086418,0.22067069559892105,0.22768995910490242,0.03934181524170621,0.3378986317267436,0.3076538264182658,0.2714157302063668,0.3302501194673759,0.27113168220756845,0.36427984496868515,0.26959728767291746,0.27251204402434603,0.3593503317704324,0.32954130291376016,0.4843303476764066,0.3649233664294532,0.41182727473927805,0.23983741952165538,0.3239748647513203
Sc5_B_6,0.3804359446463459,0.37047451171965484,0.3353075423731078,0.2800278249442454,0.31039067323141134,0.049879029864759894,0.3568674191559571,0.3006027950097907,0.33199081900778604,0.3013186591293032,0.14992549472652983,0.38202912903743413,0.32530783136701213,0.37225256967161224,0.3318630098007487,0.3274881867502687,0.39811830510906887,0.3167391264931706,0.35342634737566814,0.18056395581321116,0.30688118183124424,0.3099782884210107,0.2727805647158731,0.23294527218861816,0.2642973783246175,0.0,0.31700745859764323,0.24950293855881378,0.29175237554656175,0.2626666882906037,0.09576741703979375,0.32520362649105716,0.2665034540995471,0.3318587932179309,0.2842427661549194,0.24384469596858294,0.342369152292326,0.2567184594602655,0.31026996160715126,0.1250494481290363,0.3974089716891065,0.39364078016821713,0.35189176841437986,0.2971246681353127,0.32468446780213744,0.054335210694225644,0.380157703578777,0.30454923249220767,0.34911562935661145,0.312566560876158,0.16602967066726493,0.401069000891484,0.34181817754905675,0.38426798776029514,0.3464507212985112,0.3438051443401132,0.414038238387473,0.3247769281035081,0.365140936712697,0.18490239339952264
Sc5_B_7,0.36328085607312965,0.3935776752748932,0.3322162814151013,0.28719451005583496,0.2888902305249451,0.356934169846732,0.03139412587870771,0.2338314660006643,0.3422206917186953,0.23418942776687213,0.35847554589150077,0.3750192419141656,0.26016048999109254,0.3090649932301016,0.30490385015135346,0.5073964176652315,0.2905253715814663,0.42585304260942636,0.31667735809365005,0.3627485157655941,0.3017563738395038,0.3445172248703403,0.2846859734483336,0.2567341112715653,0.25540044446723087,0.31700745859764323,0.0,0.19095385640213203,0.30599021376798696,0.20507485401862002,0.3126852302741078,0.33403993721099057,0.21779399105059816,0.2887351965048568,0.2799667947901284,0.4396573045513775,0.25163281530750614,0.38152635249749933,0.2807615687672319,0.31625967219055295,0.3879430564369578,0.41956377376214415,0.3540452034635517,0.30808325164479866,0.3094576909176998,0.38607547012031873,0.03312843177922731,0.2377128466985089,0.3629965937424865,0.2432859327306388,0.3841654212827863,0.39538565015030624,0.27557641420622014,0.3202513257209566,0.3221242060462307,0.5348033589506707,0.3058900441196398,0.4393806688274795,0.3321671106841697,0.3795447307622454
Sc5_B_8,0.330867683144346,0.35958942578951403,0.28292432260613687,0.24695742258160192,0.2630951891932617,0.29824152828568473,0.22543337509995232,0.0433991847504428,0.27924489941731057,0.2170921590023812,0.3109671264429643,0.34628392228405813,0.30048723507678765,0.27427541353874973,0.25399367810073703,0.45574118617838266,0.3569204307349949,0.3918442695857266,0.3524179927360642,0.340451555395352,0.2607304984579517,0.2997429117199104,0.227187352068684,0.20216522865986708,0.2208497149552453,0.24950293855881378,0.19095385640213203,0.0,0.23056690507347988,0.180086969176793,0.2551519934360994,0.29649288281885844,0.24506479521054325,0.24411021105569508,0.22086338859607513,0.3791416306262796,0.3074473487300232,0.33804579790307254,0.30821472594029076,0.2850979366698716,0.3553103260656785,0.3888401447945452,0.3056618480976344,0.26915337065716205,0.28278726710711755,0.3289973107525306,0.24674445666508926,0.04649654534497427,0.30030829535732195,0.22877259160896524,0.3389055901241943,0.36988156318522414,0.31999314611015794,0.2874094599487591,0.27233834008511004,0.4867595831832633,0.3807950681237775,0.41072693701547014,0.37036970412338677,0.3634624104865285
Sc5_B_9,0.3500129411852074,0.29630287839885716,0.3030865125985964,0.26124208245462144,0.2970333648568172,0.32026399838759123,0.3266461376706359,0.2610931201860056,0.03254299342671507,0.21491481686192826,0.3311987841585958,0.39355495443963706,0.26324521048182326,0.37691729459810575,0.31326389118964093,0.3740466278220278,0.4279745272034411,0.382979271006221,0.29662760732903615,0.30649111028651954,0.3016565126169074,0.2606440508317255,0.26397703262352334,0.23385546123347523,0.2707796025011,0.29175237554656175,0.30599021376798696,0.23056690507347988,0.0,0.1849605890006617,0.29512397416405367,0.3621309678130745,0.2298995606145795,0.36546858283470174,0.2973515393878158,0.3238210908042157,0.39780812130589127,0.3535655364213004,0.2681282093720829,0.2702291398729093,0.37273234806716316,0.32026612471563287,0.32411100518917435,0.2810903834688161,0.31353527926093505,0.3478700478778496,0.3490655015375389,0.27126663410065777,0.03574105691819607,0.22276846241774895,0.35763673170183186,0.4176420209178374,0.27710179015495906,0.39267769587883816,0.3310540871487685,0.39938538643687926,0.44945325228643485,0.399358525637189,0.31040743052451825,0.3242923737248554
Sc5_B_10,0.33863186285295244,0.36624763675915917,0.297902191103008,0.2779832794156205,0.2538424732940745,0.2955682886912555,0.2262165854253848,0.21343494598581658,0.21893731942028904,0.028560897956967035,0.30997106990505385,0.34939360406190545,0.20038356133196378,0.27782285290675435,0.2208064013605041,0.43064698037960314,0.2956283885861297,0.3086708974107587,0.2569259035301181,0.30667899243225305,0.2811098367070044,0.32241514803047955,0.2522884129752282,0.24538736047751097,0.22192037688252064,0.2626666882906037,0.20507485401862002,0.180086969176793,0.1849605890006617,0.0,0.26860398562262644,0.3110444370422367,0.1601447033986243,0.26397894935884625,0.20067803325541678,0.365466712049612,0.26324029861861054,0.2710955987898719,0.22545880995411194,0.2653328337329899,0.36794441261917266,0.40056529279414055,0.32428122404359827,0.30399276345938775,0.27262527073944276,0.3286558544625494,0.2507671471729389,0.22872203193711282,0.23823719714696578,0.030443772153865623,0.3410092286671985,0.37711035031816187,0.21757684864183702,0.2928503025275261,0.2400924112390197,0.46066565536376136,0.3170501615900332,0.3237944542319985,0.2739020745825973,0.3296771777422144
Sc5_B_11,0.41234659193235446,0.38666724717717804,0.3816792016725691,0.3277727398050446,0.3257218419654264,0.13622613223828062,0.34542624626728213,0.2998216522157199,0.3291635440956978,0.3016225646511773,0.05055681545945612,0.38809123359466935,0.33154610232981363,0.3458699425762428,0.3648379443211115,0.3121967592467161,0.3804113937039728,0.33925760911971803,0.35242416239296004,0.1900470820927752,0.3429715658930377,0.3295861043259666,0.32387620524917404,0.2827806842185767,0.2827362617579917,0.09576741703979375,0.3126852302741078,0.2551519934360994,0.29512397416405367,0.26860398562262644,0.0,0.33377279152017747,0.28009008797620416,0.311985442312966,0.32274803462499513,0.23264709610058343,0.33151939288555643,0.28228337452200414,0.3136447201315806,0.1406315460887585,0.4282466717553063,0.4091274767715194,0.3965226607756984,0.3433174344951153,0.33901088425913095,0.1452546662070342,0.36570270390936543,0.3011974630540173,0.3455369937157413,0.3111586850412541,0.0566887366180715,0.4030365799913994,0.34656144831557933,0.3548956132432708,0.3804546935019735,0.3235180467124219,0.39402153425959874,0.3452059420482031,0.3614665615179824,0.19376770934669585
Sc5_B_12,0.336881739985743,0.3814512947577353,0.3034954300539433,0.3042380334148749,0.2347961965001777,0.3664824564318113,0.3606837259247755,0.33197754139187785,0.39834757652562225,0.34518969615768413,0.38212031144068903,0.0376911122887178,0.3270619257176107,0.4168190974279654,0.3376098305133539,0.5206500886801886,0.4174687002611591,0.45439014324564475,0.33764944618910087,0.3794543325906925,0.2842423667594238,0.3401955386244636,0.26037279844214756,0.272937712771117,0.20935096060937275,0.32520362649105716,0.33403993721099057,0.29649288281885844,0.3621309678130745,0.3110444370422367,0.33377279152017747,0.0,0.28264753317776004,0.3923815584275767,0.3133590801228011,0.45459321424243126,0.3764887231193894,0.4088428551260739,0.30060014147800274,0.3317286412824759,0.3558153418481971,0.4058278788411134,0.3202733017035364,0.320773371724837,0.24241427654459669,0.38752870537338147,0.37986246055386796,0.3365288927941984,0.41285903840545757,0.35343018797266035,0.4043905035987553,0.043814358843739076,0.3415789179531915,0.4277040486312851,0.3492363337536287,0.5423827955635121,0.4301851764345408,0.4611055035854704,0.3465063648326391,0.39012895337798725
Sc5_B_13,0.33429002527023854,0.3650712937790589,0.3070137563054527,0.2557209768497347,0.23346732732132525,0.30279435184942205,0.24075696627460363,0.2857734527051684,0.26402872617938644,0.18924058623605156,0.3206548064442304,0.32032826917168333,0.04088493448732711,0.30523563138004683,0.2757639621531598,0.43851566463451896,0.3200849000535658,0.37998443153822714,0.2243959229888769,0.30623830605028934,0.27860584875425753,0.3208639957128029,0.26009429302447273,0.223720194623221,0.20454488140447047,0.2665034540995471,0.21779399105059816,0.24506479521054325,0.2298995606145795,0.1601447033986243,0.28009008797620416,0.28264753317776004,0.0,0.2865714343360086,0.2522539001629698,0.37152877052823396,0.2832292832856974,0.3381496773140238,0.1958911027155995,0.26349434478281686,0.35778473741273487,0.3936295231073663,0.3273921074207494,0.2779331873294385,0.2486040691100131,0.32853468729027613,0.25964613695173955,0.2918192771064403,0.28064239277405145,0.19610268025774025,0.3446420207913218,0.34020227697106464,0.04322099896660869,0.31692437609886304,0.2913841436286557,0.4624241243678796,0.33601426910610366,0.3895120622011933,0.2358345775812395,0.32149353677432513
Sc5_B_14,0.45549017240496426,0.4903710324526962,0.41070111948345367,0.40953773797274085,0.35290584515852186,0.3738343607700607,0.31291097263249057,0.28318136139185957,0.40722228772255353,0.2930851573359551,0.3621325226859331,0.44173990045154543,0.33262465270239194,0.032634924251626396,0.29661084328333964,0.4892893143256638,0.27046879757299225,0.4056792189308277,0.34071038364360595,0.3894959843592404,0.3901044051753094,0.43315677076006454,0.3555049328641092,0.37130218943457205,0.31567012259129135,0.3318587932179309,0.2887351965048568,0.24411021105569508,0.36546858283470174,0.26397894935884625,0.311985442312966,0.3923815584275767,0.2865714343360086,0.0,0.26436814330007163,0.4148545233058918,0.23074084456171817,0.3497063200538958,0.3029304425731648,0.33563788128232797,0.4851605556576233,0.523600666234495,0.43810610623505297,0.4394132582465252,0.3771071773224983,0.4069361091330187,0.33977663081632503,0.29748966282489875,0.4333883961203433,0.3094675369715688,0.3932485789158997,0.46914428008743336,0.3557421082882727,0.0338909825021505,0.31762295023281306,0.5185970134845111,0.2892796628566462,0.422127002335816,0.3604759767893212,0.4132551674583934
