"A_1" "A_10" "A_11" "A_12" "A_13" "A_14" "A_15" "A_16" "A_17" "A_18" "A_19" "A_2" "A_20" "A_3" "A_4" "A_5" "A_6" "A_7" "A_8" "A_9" "B_1" "B_10" "B_11" "B_12" "B_13" "B_14" "B_15" "B_16" "B_17" "B_18" "B_19" "B_2" "B_20" "B_3" "B_4" "B_5" "B_6" "B_7" "B_8" "B_9" "C_1" "C_10" "C_11" "C_12" "C_13" "C_14" "C_15" "C_16" "C_17" "C_18" "C_19" "C_2" "C_20" "C_3" "C_4" "C_5" "C_6" "C_7" "C_8" "C_9"
"A_1" 0 0.428069793072836 0.4049442120687 0.4051169238227 0.384344171193201 0.387879474734536 0.358126107571895 0.400025968399433 0.352849305934072 0.384033375213058 0.450526309280959 0.344691775837026 0.267923980239995 0.319882522089605 0.283083843727589 0.358776328077317 0.380967438916192 0.367859894616745 0.351072563929381 0.383925848902947 1.31692753111035 1.37828635341397 1.38532031414407 1.38518762727507 1.36620966041283 1.39282601930287 1.40973923586177 1.38559526126675 1.39985130812692 1.36606373204534 1.40342920969283 1.36120978410128 1.40328739146899 1.39992477308689 1.3444162283435 1.37753010483641 1.39897704077116 1.36381571858758 1.35759792050205 1.38772210205681 1.22491609349748 1.3090520456112 1.28928214493773 1.29705078036403 1.25327947502261 1.32805960218014 1.290105722202 1.2745513185985 1.32539591674301 1.30155944331022 1.28306898279613 1.27286082726297 1.32475507118195 1.28558922564125 1.24875367059252 1.30015639750493 1.29747966136418 1.20953884916413 1.29858841244418 1.30208899168498
"A_10" 0.428069793072836 0 0.41317462389294 0.35645827866474 0.356476248622897 0.381240407866545 0.276506007427737 0.421872241746333 0.399742838431458 0.3668717995472 0.498330634726225 0.372939147627676 0.34006320675523 0.384172265239239 0.386280528876678 0.362980968415239 0.341995801522483 0.392312252455624 0.358320120678562 0.420806707850846 1.30934232193212 1.33451278159114 1.3498909156281 1.33562915987808 1.32496525240442 1.36074071359124 1.37833843932719 1.3763003877296 1.35004744201547 1.35444088620296 1.36078272247839 1.34405724756639 1.3956356446632 1.35622034804672 1.30852255353771 1.36417662322512 1.38066781778312 1.3446990697532 1.31750021611421 1.3059226558347 1.29729929282043 1.24650530613191 1.33378996641365 1.30194944486304 1.28319710483431 1.35589769469896 1.27604025363672 1.32982233948585 1.28775698753984 1.3234397646983 1.27392994467949 1.29388589575446 1.35538214677409 1.31472009824093 1.21084871454028 1.33549482277878 1.3132529815679 1.30715643973332 1.29291908124956 1.36412635333516
"A_11" 0.4049442120687 0.41317462389294 0 0.414548260394759 0.374025492762168 0.392869430695141 0.346737517977101 0.311652092460881 0.338980374925862 0.369235532876015 0.366613776098901 0.427539309756981 0.286883832590081 0.390816103594373 0.347905109926029 0.411552561335926 0.443637393078454 0.379046404602183 0.295044465865728 0.351350124252264 1.33082717684333 1.37851650875119 1.33934548852392 1.36036244019033 1.34642661053663 1.35946401087998 1.35963722037986 1.36445666809695 1.34665157414348 1.32807337801069 1.3502828049585 1.34868496689187 1.37013281715054 1.37221467563502 1.28893280720267 1.3368219087818 1.35857340351808 1.34776925297495 1.31457048683786 1.32173174432903 1.25276207559273 1.28207114942116 1.34979675408084 1.31429925688769 1.31970944058249 1.35669076738661 1.28904115477402 1.31114154905983 1.3395630228935 1.34547300734454 1.30162381681307 1.33026228760482 1.32513474157825 1.30873004292688 1.28329470620318 1.34081622314326 1.27664363436552 1.31853388065614 1.30769970447024 1.33006551692181
"A_12" 0.4051169238227 0.35645827866474 0.414548260394759 0 0.350707178826418 0.398088032280077 0.32775116819801 0.371939059260069 0.350502028381779 0.382261431595762 0.38836689993606 0.409732500028769 0.294022922107419 0.36555105761085 0.373303222000578 0.311358854561062 0.365977305025286 0.407093326899901 0.382882950458442 0.332581389870282 1.32109199462969 1.32480424756709 1.30429838428644 1.34525054336195 1.33560180732554 1.36469902912907 1.37036635488711 1.37225815195745 1.32359585117782 1.35798645243072 1.37061202094019 1.3534044977452 1.40450551885389 1.376436690885 1.28250151718722 1.31767017071528 1.37625159880573 1.33192823658027 1.34937157905259 1.34374383865661 1.31554689809502 1.26826168224687 1.33641487268627 1.33651499884335 1.28606533087802 1.35052892482727 1.31400037334084 1.32883274671389 1.32400612225637 1.35083786740133 1.30573374869233 1.30672306037545 1.36443579191654 1.31034525267786 1.27664501344964 1.33350106004108 1.32663788163 1.2712105498219 1.33210245336789 1.34516256763375
"A_13" 0.384344171193201 0.356476248622897 0.374025492762168 0.350707178826418 0 0.368730372842753 0.309071346884571 0.38145988209537 0.37204725024631 0.277566807921008 0.389323894483066 0.388438905067961 0.283366301842716 0.362659006180788 0.352524816129294 0.332538529120358 0.393176897154265 0.407097447658974 0.312418282437429 0.336757474207503 1.33591451502979 1.36052977245669 1.37290389569366 1.36174742607523 1.37591623558234 1.38606796002261 1.40816067943747 1.38210286694093 1.36749645435811 1.3596286303776 1.38296681748609 1.38630233639818 1.40057144913221 1.41033319297686 1.31286972221771 1.35539442538251 1.37772555852213 1.37824855145872 1.34784205228252 1.38924069835576 1.33462171186432 1.31352501882529 1.32241058265564 1.29085299495957 1.28235741165662 1.33860193498453 1.30041348346948 1.28632534267798 1.29217082440911 1.31109063429178 1.30202871864387 1.31745315728225 1.3445982298166 1.29746272208436 1.28346939571907 1.32254055182943 1.31306065360804 1.26516208783126 1.28980816413579 1.31149152715436
"A_14" 0.387879474734536 0.381240407866545 0.392869430695141 0.398088032280077 0.368730372842753 0 0.341590307500418 0.324965954871838 0.348598540312367 0.372198070405143 0.447396504036249 0.476130966208014 0.303400498209571 0.380167046164354 0.362705503903142 0.404781402935472 0.407492649223789 0.402251681479791 0.373699429342143 0.368088805258469 1.30138899446343 1.34560707306588 1.33544806719374 1.35727989748551 1.30580898692732 1.33783351873075 1.34815798671585 1.35681628112421 1.36703679357864 1.2785014998203 1.34014138870018 1.34703147853971 1.36247199991591 1.34245831926632 1.36052176933131 1.34135248241124 1.38479466173659 1.35138992180777 1.3299742232371 1.34558213252128 1.32177849106136 1.31498394908008 1.30138698006946 1.30564138682852 1.29464998816552 1.34165523777404 1.32568252746775 1.18425173894197 1.33603130302346 1.33908943004002 1.32236446696378 1.31049030329981 1.33514622275057 1.2700310810428 1.25958316461884 1.32334499155337 1.33566126302698 1.30931575685937 1.32754220037163 1.30304155810035
"A_15" 0.358126107571895 0.276506007427737 0.346737517977101 0.32775116819801 0.309071346884571 0.341590307500418 0 0.332170477474626 0.320027689357624 0.28953001545217 0.37480487281152 0.413067637985335 0.293268401561681 0.375822830068266 0.358002459760492 0.267466282709222 0.339340969274273 0.338903542388782 0.35096484332503 0.329600401977688 1.35608269155095 1.39399096529953 1.38893326156775 1.35974318351521 1.31962014442385 1.37585181888165 1.40449516659363 1.39744395561194 1.3733604400588 1.37806090564314 1.40379238250025 1.38167229188548 1.40963525181578 1.40071887919069 1.3286733375549 1.39608074187755 1.40508240369185 1.38260908462059 1.36594107762214 1.35609131824529 1.33680109083418 1.3171494902667 1.34986534965339 1.308061872776 1.29393449183198 1.3438793961933 1.32380669189798 1.29802061432058 1.31246402911781 1.36713770906713 1.288324932948 1.3255960797274 1.38213824578381 1.32458917400593 1.27740379607462 1.30574385009509 1.31434361918264 1.27546449615156 1.3171087964453 1.31675364078589
"A_16" 0.400025968399433 0.421872241746333 0.311652092460881 0.371939059260069 0.38145988209537 0.324965954871838 0.332170477474626 0 0.348083207335464 0.307280589587107 0.350558686009671 0.458350480325751 0.259157178512732 0.346996979634508 0.35257978470627 0.375992200891798 0.41988917651615 0.309696865637885 0.363733527162532 0.334426685639891 1.34763446085451 1.40281934890953 1.33867004758755 1.34833869746361 1.33393843608907 1.37271445751017 1.37106188026502 1.35461789316584 1.3482398661896 1.34286613663812 1.37394454836274 1.34220389652297 1.36275110803857 1.37966482689482 1.32995741492541 1.35616982491711 1.40934344030738 1.37832314545355 1.32621007989142 1.37720036274509 1.31754960829085 1.28752301577336 1.33561441942911 1.30099489679351 1.29627022577169 1.30215637993281 1.3393180643219 1.26311145137213 1.34683532408044 1.36763487561832 1.27130949765924 1.30094864264812 1.32117615756893 1.30630881141207 1.26836550662066 1.33395265180588 1.34198134703967 1.33870386264994 1.32016512819217 1.33911230367606
"A_17" 0.352849305934072 0.399742838431458 0.338980374925862 0.350502028381779 0.37204725024631 0.348598540312367 0.320027689357624 0.348083207335464 0 0.358231429537537 0.346349554268432 0.429945185880511 0.286310493155889 0.368128135312249 0.364953413640272 0.343354777798576 0.372495404246478 0.375329489391276 0.310284288146001 0.319075999879797 1.34088905356866 1.36693362398433 1.33822291167271 1.3708177724357 1.35436459440212 1.34496377489716 1.38056253360222 1.36075173739213 1.33176465933148 1.3736804204121 1.3701079141358 1.37125343499269 1.38324599679632 1.4094963928197 1.33600474881068 1.35139133033067 1.35815677018214 1.3572543361604 1.33618589775148 1.38255314042924 1.32315253302699 1.31306519105005 1.35232593591468 1.31303579953705 1.30087647519739 1.35500552176781 1.24862166830658 1.29044327247441 1.33378009663709 1.33138719012824 1.32925664677702 1.34506307878479 1.33381410991402 1.27533641028788 1.26957342012058 1.3367451871799 1.3493506272959 1.31134307766768 1.32293916616315 1.32887614334515
"A_18" 0.384033375213058 0.3668717995472 0.369235532876015 0.382261431595762 0.277566807921008 0.372198070405143 0.28953001545217 0.307280589587107 0.358231429537537 0 0.419168075538839 0.406059583979191 0.294027540336662 0.40014795173266 0.369206326647604 0.309072238751932 0.41680414853167 0.295048069788137 0.37341275785826 0.346711609381285 1.32061002919645 1.37676934338993 1.37702492241035 1.3385096176029 1.34200583570163 1.36179428155277 1.37645972086986 1.38228053313076 1.34897781444517 1.36773928195598 1.39810561329464 1.38133987752914 1.32747895644717 1.36300063028582 1.35547608542169 1.37774725965542 1.39020032803283 1.34542351263192 1.33370495984142 1.34224485059844 1.33802456979314 1.30123734788885 1.3270115604027 1.31446865331308 1.25585666246355 1.34714749414553 1.31981924269415 1.34343827434528 1.32771643495673 1.36309974442814 1.27687757489851 1.34543830482121 1.3466688638787 1.28402418736488 1.27152734767053 1.31348860854689 1.309647494713 1.32142633060529 1.28964857310139 1.33178355012474
"A_19" 0.450526309280959 0.498330634726225 0.366613776098901 0.38836689993606 0.389323894483066 0.447396504036249 0.37480487281152 0.350558686009671 0.346349554268432 0.419168075538839 0 0.483438181264684 0.354167919503606 0.477326224979026 0.426019312737425 0.425631577129737 0.407445441076639 0.414943264935633 0.421424587685194 0.38393308670545 1.26987533448869 1.36332904873676 1.30430363024631 1.34554231982749 1.26085681638754 1.3541465818203 1.32921717727976 1.3151188298842 1.33328644597264 1.33273344675697 1.30891270900494 1.33916083361127 1.35241293474331 1.36450593395259 1.26967264731476 1.32660093126176 1.34815979737599 1.25551364353304 1.30675176467221 1.31849323417719 1.28543962287125 1.32543829338527 1.30826386818087 1.28794870650495 1.26918011029591 1.32928315873662 1.30319541810879 1.30192272723994 1.32514991311224 1.26063831395202 1.29591304471546 1.33726147823009 1.31349390804902 1.29896049177826 1.27000614139443 1.32257375400958 1.32217315857052 1.27626028298882 1.31658934947919 1.32875985425572
"A_2" 0.344691775837026 0.372939147627676 0.427539309756981 0.409732500028769 0.388438905067961 0.476130966208014 0.413067637985335 0.458350480325751 0.429945185880511 0.406059583979191 0.483438181264684 0 0.316036681171453 0.403700208614685 0.39973205156376 0.421890461373393 0.380133190710683 0.437986482918226 0.339587704330933 0.372575708704367 1.31198621719615 1.35684951743608 1.34544853410135 1.33822651065181 1.32913604559339 1.35358718189868 1.36800066224646 1.34309336232555 1.35844703716308 1.34035087478323 1.36747428540589 1.33259911718704 1.38342520039046 1.37231329911804 1.30810742507569 1.35233129987314 1.35551146148238 1.34530313249936 1.33934821254188 1.33426210615065 1.26292888051745 1.17130834316687 1.3376438696596 1.3347706963153 1.23379615170634 1.34331026446697 1.29493787915331 1.32464069959324 1.32579378597498 1.3318014381564 1.2250527664556 1.28998967442461 1.35265029051385 1.22762536265044 1.19800602685127 1.29977403666133 1.25563275282201 1.27538024681611 1.30667440975412 1.32150707156074
"A_20" 0.267923980239995 0.34006320675523 0.286883832590081 0.294022922107419 0.283366301842716 0.303400498209571 0.293268401561681 0.259157178512732 0.286310493155889 0.294027540336662 0.354167919503606 0.316036681171453 0 0.273921156145398 0.243143704382663 0.266586731874748 0.308260360648154 0.232054868434273 0.208053703473185 0.29719924039047 1.34666729604676 1.41716596885324 1.35931177256774 1.3804994194073 1.37482709154676 1.41506631251827 1.40563864225415 1.4114114323624 1.40668734138131 1.38581846258718 1.41280676397406 1.33365513660496 1.43241442734252 1.40864512653848 1.34359562457838 1.36949747588782 1.42591576684777 1.39556720251702 1.37052088531863 1.38428278316078 1.3437841455911 1.36362766745049 1.38335424719615 1.3607653552526 1.33069589748487 1.36378846175048 1.34735920645946 1.35020450104449 1.37603773903488 1.37712636040623 1.35577175068371 1.37485977501807 1.38636508521494 1.32348950819677 1.29403284247792 1.37021434339923 1.37711453278451 1.35087346536795 1.36146573921418 1.36917601926076
"A_3" 0.319882522089605 0.384172265239239 0.390816103594373 0.36555105761085 0.362659006180788 0.380167046164354 0.375822830068266 0.346996979634508 0.368128135312249 0.40014795173266 0.477326224979026 0.403700208614685 0.273921156145398 0 0.255288142111566 0.34393227166106 0.371685406776883 0.378839762929839 0.343034731989507 0.349196208268944 1.27844759968121 1.39768601604381 1.37720234491016 1.35154357928409 1.35781917605441 1.37150166226406 1.37272222043286 1.38038466050028 1.39789341444942 1.37413982733691 1.40067017346836 1.345586560491 1.41855501271451 1.39414756332177 1.32734131517241 1.35350710497602 1.36495559650309 1.37822652864381 1.36967818718528 1.34636295714286 1.30257102217368 1.29413964642006 1.35058479108428 1.30967685068411 1.28750160042097 1.35509028409082 1.29177105200986 1.30025821085841 1.29049056125146 1.34514390171364 1.31258617558633 1.30856469858622 1.3501857500962 1.22425076609963 1.22308651759778 1.30591007133094 1.29983907863588 1.27984531255802 1.31230037179582 1.31906581248132
"A_4" 0.283083843727589 0.386280528876678 0.347905109926029 0.373303222000578 0.352524816129294 0.362705503903142 0.358002459760492 0.35257978470627 0.364953413640272 0.369206326647604 0.426019312737425 0.39973205156376 0.243143704382663 0.255288142111566 0 0.324386749855217 0.342451229040324 0.338283205572078 0.295815028703597 0.367710366301243 1.32541764609858 1.40602433044865 1.37005967392667 1.37167101430522 1.3831782373892 1.40477375666931 1.42197267496641 1.37454377920147 1.41123638067127 1.37450901061698 1.39478045689988 1.29912610513285 1.43196023018399 1.41563863572286 1.26433285195171 1.36541236067286 1.39136824486584 1.31791799076714 1.33995289002371 1.38098287690277 1.30973877310323 1.29689039583794 1.35322718568565 1.31385587751311 1.29791324494802 1.3522054597415 1.30624722219064 1.33281886122933 1.31631176057874 1.33984625356217 1.32278982157844 1.3294413119251 1.36193189589317 1.254451746807 1.24645935633178 1.33382920672465 1.34215144151799 1.28425589855737 1.31528279116184 1.33245779589917
"A_5" 0.358776328077317 0.362980968415239 0.411552561335926 0.311358854561062 0.332538529120358 0.404781402935472 0.267466282709222 0.375992200891798 0.343354777798576 0.309072238751932 0.425631577129737 0.421890461373393 0.266586731874748 0.34393227166106 0.324386749855217 0 0.363052956338066 0.38322780979117 0.338848762190631 0.369096507944851 1.32882435786318 1.33009960583624 1.33199317977431 1.33859479921833 1.31530303241166 1.38184641575591 1.40289777145787 1.3745434227737 1.39140639778953 1.37200147329296 1.39582690636817 1.37095168451192 1.4037089714739 1.37929281300843 1.35921144716138 1.36483265899508 1.40453960351033 1.34150701944748 1.36250083926715 1.34160905298608 1.28884347338505 1.32632312826534 1.35469903111533 1.31499411586966 1.28674077996812 1.33539351512309 1.31197980978716 1.33605158357566 1.32192450540639 1.34066362724523 1.31441072003318 1.338430682608 1.35536886452144 1.30190564429383 1.24207680338702 1.33634728499439 1.30377069645905 1.23258536726901 1.32171402983997 1.33616041961889
"A_6" 0.380967438916192 0.341995801522483 0.443637393078454 0.365977305025286 0.393176897154265 0.407492649223789 0.339340969274273 0.41988917651615 0.372495404246478 0.41680414853167 0.407445441076639 0.380133190710683 0.308260360648154 0.371685406776883 0.342451229040324 0.363052956338066 0 0.361145653873662 0.38430591040915 0.330529699950071 1.31936047320372 1.31115834519399 1.33253237038555 1.33212373833931 1.34458650188824 1.36047446934353 1.38927474526539 1.34677804691156 1.38537263387283 1.34467727381325 1.36146106384407 1.34228363445727 1.39125085328956 1.33917030802314 1.25501202717849 1.3589564451902 1.36853126424559 1.27839967214381 1.35832407442337 1.32407953707434 1.29874950246765 1.34395659147582 1.32991766615935 1.34994695683027 1.27880006918464 1.33378274530983 1.30705132203317 1.32947953340135 1.3464953435969 1.32274519770115 1.30135844602811 1.33166381435606 1.35648895407346 1.29965588873578 1.20947133995993 1.27525213392354 1.34632314054953 1.2858976347616 1.34276072589394 1.36553943991266
"A_7" 0.367859894616745 0.392312252455624 0.379046404602183 0.407093326899901 0.407097447658974 0.402251681479791 0.338903542388782 0.309696865637885 0.375329489391276 0.295048069788137 0.414943264935633 0.437986482918226 0.232054868434273 0.378839762929839 0.338283205572078 0.38322780979117 0.361145653873662 0 0.368547177710488 0.308631088473727 1.34774940616015 1.37336461405471 1.32849733995398 1.35560353150586 1.34548459535592 1.35492133662421 1.36058335026092 1.37252210837922 1.37440322746575 1.35903789044965 1.3708475306834 1.31503974856338 1.32855882449512 1.39235659126024 1.29016966508837 1.35342773913644 1.37227413469797 1.34483537499517 1.32760327239323 1.31424425480237 1.33755150599748 1.32272151028289 1.32684730210857 1.30415849285119 1.22977163216223 1.34366393990658 1.33143520437491 1.32398286542533 1.36534098391823 1.33601457608279 1.30957369157589 1.36064511940322 1.34924728032476 1.28694218111273 1.26371999315352 1.3191214966972 1.35223932152199 1.27667071969635 1.34084543283482 1.34006832787092
"A_8" 0.351072563929381 0.358320120678562 0.295044465865728 0.382882950458442 0.312418282437429 0.373699429342143 0.35096484332503 0.363733527162532 0.310284288146001 0.37341275785826 0.421424587685194 0.339587704330933 0.208053703473185 0.343034731989507 0.295815028703597 0.338848762190631 0.38430591040915 0.368547177710488 0 0.338637094020094 1.35459752409323 1.40202440718879 1.3566098803575 1.38776129639347 1.38035526479375 1.39495586456431 1.39374391807469 1.35043023304144 1.39383138351583 1.365957609753 1.38044549701593 1.35558753873427 1.38867608729318 1.37633030285161 1.33905825908193 1.38572106738595 1.35179762906978 1.34394389090387 1.36097033151168 1.38975617195291 1.33848716551048 1.26029939018162 1.33691982214611 1.30428195432493 1.30555599207554 1.38419024434202 1.27889304558725 1.29231146945997 1.32817177555047 1.36467063026035 1.32301377689756 1.32192071719658 1.35078318681862 1.31964583948051 1.26295388889361 1.27914782387632 1.35458049891596 1.33011588262213 1.29508647805544 1.31518864131334
"A_9" 0.383925848902947 0.420806707850846 0.351350124252264 0.332581389870282 0.336757474207503 0.368088805258469 0.329600401977688 0.334426685639891 0.319075999879797 0.346711609381285 0.38393308670545 0.372575708704367 0.29719924039047 0.349196208268944 0.367710366301243 0.369096507944851 0.330529699950071 0.308631088473727 0.338637094020094 0 1.36380794796043 1.41296914378567 1.35016131560166 1.38912085161363 1.36612788200917 1.40082398879694 1.40736364239317 1.37815826822237 1.38246641351022 1.3686895837083 1.39818632934896 1.39555225005451 1.40945525615937 1.41565214520472 1.34663907120815 1.40016235532262 1.39337403709424 1.38838719522352 1.34295076692728 1.38932396661771 1.28524278294733 1.27449915758938 1.30779994147862 1.28526043721132 1.29951214508667 1.35831240325043 1.26952209134481 1.29749467195319 1.35017574220659 1.33918480427714 1.25385185767466 1.26551800781229 1.33760006047513 1.24906052620075 1.2625029714506 1.2987476373657 1.33991189937661 1.28668463473591 1.32590900774264 1.2776031979963
"B_1" 1.31692753111035 1.30934232193212 1.33082717684333 1.32109199462969 1.33591451502979 1.30138899446343 1.35608269155095 1.34763446085451 1.34088905356866 1.32061002919645 1.26987533448869 1.31198621719615 1.34666729604676 1.27844759968121 1.32541764609858 1.32882435786318 1.31936047320372 1.34774940616015 1.35459752409323 1.36380794796043 0 0.454100468048476 0.480928326182137 0.534065699608232 0.47106187301952 0.437537423563087 0.485238824294698 0.505712821624152 0.481968944711727 0.452587359785126 0.467825977336073 0.480783734462734 0.479530613555217 0.475533168381069 0.519655820066346 0.387962795644523 0.501722925141105 0.417430477930301 0.571243231713602 0.477777193636752 1.1992280183354 1.22669190915924 1.20928438672342 1.17541075593262 1.23523099240116 1.22116094630875 1.21287069833943 1.22338243202823 1.16247493740949 1.20970619000656 1.20818460408467 1.18590397576332 1.22902813571698 1.15727667837608 1.21065537192477 1.20243586921763 1.18678743881558 1.17331345385924 1.20199483512114 1.2372062005001
"B_10" 1.37828635341397 1.33451278159114 1.37851650875119 1.32480424756709 1.36052977245669 1.34560707306588 1.39399096529953 1.40281934890953 1.36693362398433 1.37676934338993 1.36332904873676 1.35684951743608 1.41716596885324 1.39768601604381 1.40602433044865 1.33009960583624 1.31115834519399 1.37336461405471 1.40202440718879 1.41296914378567 0.454100468048476 0 0.441161681064566 0.438217900312699 0.460687706246175 0.411658012604488 0.353586776961059 0.440707135526168 0.388691593567107 0.433953959579331 0.412993823669304 0.442383984637878 0.416965495578813 0.458427279845218 0.439090613919995 0.446713841858685 0.361818374919566 0.397216728672006 0.410215199389205 0.494232881139253 1.23416719999104 1.1990206865869 1.2269183311567 1.17971755383147 1.20630728676526 1.22497207792688 1.21314324233868 1.20986987022788 1.16748008433317 1.14946764046768 1.23385436882064 1.18527414302852 1.22723121989666 1.19055648983047 1.22085758779104 1.20755188683294 1.20884196622114 1.15989064458873 1.22139550961959 1.17968766557365
"B_11" 1.38532031414407 1.3498909156281 1.33934548852392 1.30429838428644 1.37290389569366 1.33544806719374 1.38893326156775 1.33867004758755 1.33822291167271 1.37702492241035 1.30430363024631 1.34544853410135 1.35931177256774 1.37720234491016 1.37005967392667 1.33199317977431 1.33253237038555 1.32849733995398 1.3566098803575 1.35016131560166 0.480928326182137 0.441161681064566 0 0.40913525154577 0.409524924870337 0.470808486550902 0.364215821843023 0.368435919896406 0.432559636807043 0.435308442489995 0.450690986556103 0.456611150117427 0.418858600611811 0.426813088831196 0.487903508251833 0.406928056869692 0.389485514080574 0.475893599409859 0.437494256628744 0.499797196980371 1.24602479463692 1.22318068460131 1.23250036746104 1.17743075164727 1.20556147915389 1.21343679220224 1.21103332209698 1.19420397824067 1.23275131967807 1.23826363554034 1.25293361333553 1.24072547763545 1.18793598385212 1.18903852459001 1.26362795876016 1.19626745750116 1.23863945245653 1.19440024799144 1.20465079793503 1.23318418495913
"B_12" 1.38518762727507 1.33562915987808 1.36036244019033 1.34525054336195 1.36174742607523 1.35727989748551 1.35974318351521 1.34833869746361 1.3708177724357 1.3385096176029 1.34554231982749 1.33822651065181 1.3804994194073 1.35154357928409 1.37167101430522 1.33859479921833 1.33212373833931 1.35560353150586 1.38776129639347 1.38912085161363 0.534065699608232 0.438217900312699 0.40913525154577 0 0.434144769492522 0.355417176543303 0.354539936660869 0.341931815752968 0.36030964055487 0.409546702967115 0.336426150246012 0.392309121528957 0.368853865486738 0.380402654775513 0.446996881995529 0.443124404183951 0.388354298299033 0.499565879425857 0.359269515462079 0.396409501002983 1.23467941125333 1.25499524826079 1.25335432360597 1.24907727624988 1.19044913465589 1.22240854768387 1.24176652003896 1.22402710486919 1.23016353430365 1.23841883034091 1.26431745208239 1.21814097783827 1.23649303930339 1.17960556483956 1.29334188857523 1.22934479052195 1.23211917015903 1.26462525485432 1.23071854796233 1.26329202602586
"B_13" 1.36620966041283 1.32496525240442 1.34642661053663 1.33560180732554 1.37591623558234 1.30580898692732 1.31962014442385 1.33393843608907 1.35436459440212 1.34200583570163 1.26085681638754 1.32913604559339 1.37482709154676 1.35781917605441 1.3831782373892 1.31530303241166 1.34458650188824 1.34548459535592 1.38035526479375 1.36612788200917 0.47106187301952 0.460687706246175 0.409524924870337 0.434144769492522 0 0.436875141264638 0.413545914118696 0.47404166246794 0.429829528055186 0.380632377931214 0.400640830825273 0.416005514890059 0.407610776620764 0.340343786927116 0.462126195038453 0.447349140840477 0.428355707006537 0.453383658219845 0.478503792107923 0.428881313835914 1.23730240235594 1.22627347771448 1.26528305952662 1.18992796059913 1.22183649344664 1.18967411803906 1.25689718057579 1.26067388119506 1.24450859252896 1.18665846577118 1.24137479561126 1.22800093998965 1.24773201737415 1.18137587580383 1.28710938647553 1.21610218483812 1.24433900120448 1.24524765395685 1.22067613044357 1.1332228622083
"B_14" 1.39282601930287 1.36074071359124 1.35946401087998 1.36469902912907 1.38606796002261 1.33783351873075 1.37585181888165 1.37271445751017 1.34496377489716 1.36179428155277 1.3541465818203 1.35358718189868 1.41506631251827 1.37150166226406 1.40477375666931 1.38184641575591 1.36047446934353 1.35492133662421 1.39495586456431 1.40082398879694 0.437537423563087 0.411658012604488 0.470808486550902 0.355417176543303 0.436875141264638 0 0.410687910705094 0.361284567523899 0.376564229130843 0.358716017452315 0.329971377808212 0.453709514185789 0.359825457192761 0.431023097197511 0.481592441217273 0.415197334920141 0.439243882892027 0.396456685034099 0.458460648071761 0.291526741839531 1.25142200039054 1.24072229868823 1.21647987112751 1.23312299206493 1.24527489072492 1.23890054950142 1.22081045914923 1.18167400778964 1.18588594315004 1.21091021135108 1.23334610505382 1.24259323539726 1.22711072997979 1.2158439426445 1.2239287136112 1.18606560481587 1.20502777617024 1.21335379942119 1.22989219886442 1.22545610118804
"B_15" 1.40973923586177 1.37833843932719 1.35963722037986 1.37036635488711 1.40816067943747 1.34815798671585 1.40449516659363 1.37106188026502 1.38056253360222 1.37645972086986 1.32921717727976 1.36800066224646 1.40563864225415 1.37272222043286 1.42197267496641 1.40289777145787 1.38927474526539 1.36058335026092 1.39374391807469 1.40736364239317 0.485238824294698 0.353586776961059 0.364215821843023 0.354539936660869 0.413545914118696 0.410687910705094 0 0.376492542501909 0.284207315549085 0.352894576960719 0.2960985990011 0.337613731231453 0.330323507445394 0.445465785240631 0.431847128112241 0.41385973761908 0.303266698783568 0.468833984307486 0.392794817764778 0.45091317625573 1.24323282929176 1.23494164294696 1.22915825905012 1.20606620513534 1.2390065201342 1.23257106743599 1.24178274546576 1.19016014258353 1.17590527340312 1.23348904439765 1.26139862427711 1.20871218390471 1.23273288193244 1.19182206909503 1.25748246956865 1.24397927063489 1.25564725117175 1.23531252830703 1.23662991545044 1.24635368147856
"B_16" 1.38559526126675 1.3763003877296 1.36445666809695 1.37225815195745 1.38210286694093 1.35681628112421 1.39744395561194 1.35461789316584 1.36075173739213 1.38228053313076 1.3151188298842 1.34309336232555 1.4114114323624 1.38038466050028 1.37454377920147 1.3745434227737 1.34677804691156 1.37252210837922 1.35043023304144 1.37815826822237 0.505712821624152 0.440707135526168 0.368435919896406 0.341931815752968 0.47404166246794 0.361284567523899 0.376492542501909 0 0.324784923408076 0.384103115338331 0.332042465746316 0.425267847052823 0.316296571299557 0.450650459910566 0.549917867161177 0.465308810439743 0.356238172665962 0.367692195941618 0.392563384302776 0.444644819073158 1.26455518744084 1.22064170109906 1.21744489099697 1.20358018200891 1.23244927790746 1.23236528046689 1.20053333850487 1.2309272930119 1.2137461559521 1.22423785208297 1.25532615872274 1.22951395872523 1.22085932067685 1.20611573114944 1.27793731996704 1.2073300607897 1.23363423993851 1.2214354960752 1.19346607390041 1.24643678731571
"B_17" 1.39985130812692 1.35004744201547 1.34665157414348 1.32359585117782 1.36749645435811 1.36703679357864 1.3733604400588 1.3482398661896 1.33176465933148 1.34897781444517 1.33328644597264 1.35844703716308 1.40668734138131 1.39789341444942 1.41123638067127 1.39140639778953 1.38537263387283 1.37440322746575 1.39383138351583 1.38246641351022 0.481968944711727 0.388691593567107 0.432559636807043 0.36030964055487 0.429829528055186 0.376564229130843 0.284207315549085 0.324784923408076 0 0.36608386547493 0.339619344260702 0.394961079207888 0.353973719616115 0.462744107814201 0.438925689060088 0.427572003700758 0.358286749225965 0.43887791172295 0.349582690397924 0.441726281300871 1.26196169558144 1.22812930237063 1.25673810885462 1.21482268179498 1.22714919498042 1.20719490047157 1.22625335178151 1.20942228527652 1.22568928124338 1.20382440630365 1.24251222413204 1.24127498368673 1.21538827933746 1.22963336615258 1.28747033076237 1.26247647448684 1.27444426182216 1.26874554634519 1.20497395492581 1.20821838002701
"B_18" 1.36606373204534 1.35444088620296 1.32807337801069 1.35798645243072 1.3596286303776 1.2785014998203 1.37806090564314 1.34286613663812 1.3736804204121 1.36773928195598 1.33273344675697 1.34035087478323 1.38581846258718 1.37413982733691 1.37450901061698 1.37200147329296 1.34467727381325 1.35903789044965 1.365957609753 1.3686895837083 0.452587359785126 0.433953959579331 0.435308442489995 0.409546702967115 0.380632377931214 0.358716017452315 0.352894576960719 0.384103115338331 0.36608386547493 0 0.349425578866133 0.43826068045262 0.332897236544779 0.406093045154244 0.470521126113266 0.363821460961048 0.38421655334058 0.446075071339823 0.417506383515568 0.415685510501162 1.2752789187139 1.24300098269059 1.24017066164167 1.24790582363165 1.26629444808403 1.25865515859526 1.21700399384503 1.23260168276084 1.2351385776453 1.23627399438826 1.24326483906015 1.26050632071937 1.16040207378165 1.22626018971381 1.27681007574792 1.23198660858531 1.24754917676924 1.24397914246149 1.25276331765077 1.21830520769146
"B_19" 1.40342920969283 1.36078272247839 1.3502828049585 1.37061202094019 1.38296681748609 1.34014138870018 1.40379238250025 1.37394454836274 1.3701079141358 1.39810561329464 1.30891270900494 1.36747428540589 1.41280676397406 1.40067017346836 1.39478045689988 1.39582690636817 1.36146106384407 1.3708475306834 1.38044549701593 1.39818632934896 0.467825977336073 0.412993823669304 0.450690986556103 0.336426150246012 0.400640830825273 0.329971377808212 0.2960985990011 0.332042465746316 0.339619344260702 0.349425578866133 0 0.325791465763391 0.309275707898021 0.364492871573077 0.460017303630808 0.396646397038173 0.36386340527112 0.42443327581366 0.411097176571122 0.396454251150055 1.26042935817258 1.25351111165336 1.25851131853967 1.23664050141927 1.26203263101809 1.25023166349045 1.23232749000959 1.23825147116177 1.24107582653593 1.20564085731013 1.24773675406023 1.22624548295667 1.23186316168095 1.19768239049224 1.29532487704052 1.24185511325516 1.24648781010259 1.22943689760643 1.22683416377993 1.24071578541075
"B_2" 1.36120978410128 1.34405724756639 1.34868496689187 1.3534044977452 1.38630233639818 1.34703147853971 1.38167229188548 1.34220389652297 1.37125343499269 1.38133987752914 1.33916083361127 1.33259911718704 1.33365513660496 1.345586560491 1.29912610513285 1.37095168451192 1.34228363445727 1.31503974856338 1.35558753873427 1.39555225005451 0.480783734462734 0.442383984637878 0.456611150117427 0.392309121528957 0.416005514890059 0.453709514185789 0.337613731231453 0.425267847052823 0.394961079207888 0.43826068045262 0.325791465763391 0 0.380131967325267 0.39474713786376 0.437576062190568 0.4073483191183 0.407015858900282 0.444059894991566 0.397528016114672 0.451786593298839 1.25405397040752 1.21025452851307 1.26906106728056 1.23897321586708 1.21991453911511 1.18680575380596 1.23521672084097 1.23694949698556 1.20542177171448 1.24703101486673 1.22737190608259 1.20101583761579 1.23603319972398 1.21092225213239 1.28782687415763 1.23537767936626 1.25493010918151 1.24323403396843 1.20284038470492 1.25597732238463
"B_20" 1.40328739146899 1.3956356446632 1.37013281715054 1.40450551885389 1.40057144913221 1.36247199991591 1.40963525181578 1.36275110803857 1.38324599679632 1.32747895644717 1.35241293474331 1.38342520039046 1.43241442734252 1.41855501271451 1.43196023018399 1.4037089714739 1.39125085328956 1.32855882449512 1.38867608729318 1.40945525615937 0.479530613555217 0.416965495578813 0.418858600611811 0.368853865486738 0.407610776620764 0.359825457192761 0.330323507445394 0.316296571299557 0.353973719616115 0.332897236544779 0.309275707898021 0.380131967325267 0 0.405884203287567 0.484473320667129 0.427802155580645 0.351317633891722 0.433903416720661 0.418365695159308 0.404695440595119 1.24959256195405 1.23030773809787 1.18657923271968 1.23370569586369 1.19693061374316 1.21486806884787 1.18964825957886 1.22854129410929 1.24412042131601 1.22171318688252 1.21575602027376 1.19279493791257 1.22852069180962 1.21755214169615 1.27349650385096 1.16027018561069 1.24146703776178 1.2346638513988 1.16440564754731 1.24593403872601
"B_3" 1.39992477308689 1.35622034804672 1.37221467563502 1.376436690885 1.41033319297686 1.34245831926632 1.40071887919069 1.37966482689482 1.4094963928197 1.36300063028582 1.36450593395259 1.37231329911804 1.40864512653848 1.39414756332177 1.41563863572286 1.37929281300843 1.33917030802314 1.39235659126024 1.37633030285161 1.41565214520472 0.475533168381069 0.458427279845218 0.426813088831196 0.380402654775513 0.340343786927116 0.431023097197511 0.445465785240631 0.450650459910566 0.462744107814201 0.406093045154244 0.364492871573077 0.39474713786376 0.405884203287567 0 0.515706611560067 0.40660870392916 0.465004975025902 0.419972083309876 0.497652089012834 0.438816156903806 1.1753703785045 1.19564201342386 1.22127056474887 1.19084842177662 1.2197948879269 1.1102579803844 1.18379947406361 1.22886639634524 1.18636726689408 1.18060831084949 1.18433203145512 1.19322232242958 1.19889949823946 1.12378296028292 1.21622315079716 1.17778401418056 1.17990885686941 1.22698242277419 1.18902802513039 1.14327396729987
"B_4" 1.3444162283435 1.30852255353771 1.28893280720267 1.28250151718722 1.31286972221771 1.36052176933131 1.3286733375549 1.32995741492541 1.33600474881068 1.35547608542169 1.26967264731476 1.30810742507569 1.34359562457838 1.32734131517241 1.26433285195171 1.35921144716138 1.25501202717849 1.29016966508837 1.33905825908193 1.34663907120815 0.519655820066346 0.439090613919995 0.487903508251833 0.446996881995529 0.462126195038453 0.481592441217273 0.431847128112241 0.549917867161177 0.438925689060088 0.470521126113266 0.460017303630808 0.437576062190568 0.484473320667129 0.515706611560067 0 0.408191480523362 0.430639617957707 0.516452143133113 0.449701370722469 0.521662750822469 1.27203073316952 1.20307750898602 1.25495393801221 1.22617189763135 1.21081648331676 1.20700318420493 1.15827215915455 1.20940853682914 1.12660469763058 1.21895748916358 1.2499483306625 1.19961389285225 1.20795326630966 1.15576025201189 1.29108080166153 1.22904235055593 1.23136603742378 1.24125668208656 1.20538864100397 1.23333265519002
"B_5" 1.37753010483641 1.36417662322512 1.3368219087818 1.31767017071528 1.35539442538251 1.34135248241124 1.39608074187755 1.35616982491711 1.35139133033067 1.37774725965542 1.32660093126176 1.35233129987314 1.36949747588782 1.35350710497602 1.36541236067286 1.36483265899508 1.3589564451902 1.35342773913644 1.38572106738595 1.40016235532262 0.387962795644523 0.446713841858685 0.406928056869692 0.443124404183951 0.447349140840477 0.415197334920141 0.41385973761908 0.465308810439743 0.427572003700758 0.363821460961048 0.396646397038173 0.4073483191183 0.427802155580645 0.40660870392916 0.408191480523362 0 0.481237714080349 0.478863346656985 0.441713609197402 0.400108523581763 1.24043519186922 1.22452843519664 1.25543634446143 1.22504254932205 1.22814245236249 1.20700467245978 1.24149754790437 1.21976372592071 1.2022237819288 1.23172106430047 1.24319348689684 1.16941372323642 1.22636406827323 1.14230434682999 1.20362909052581 1.21882899666299 1.1936792795381 1.21258132320716 1.22074470913575 1.23144057058781
"B_6" 1.39897704077116 1.38066781778312 1.35857340351808 1.37625159880573 1.37772555852213 1.38479466173659 1.40508240369185 1.40934344030738 1.35815677018214 1.39020032803283 1.34815979737599 1.35551146148238 1.42591576684777 1.36495559650309 1.39136824486584 1.40453960351033 1.36853126424559 1.37227413469797 1.35179762906978 1.39337403709424 0.501722925141105 0.361818374919566 0.389485514080574 0.388354298299033 0.428355707006537 0.439243882892027 0.303266698783568 0.356238172665962 0.358286749225965 0.38421655334058 0.36386340527112 0.407015858900282 0.351317633891722 0.465004975025902 0.430639617957707 0.481237714080349 0 0.479373199926553 0.443341999376665 0.479314342401051 1.23517901069052 1.2218830080964 1.20328152338939 1.21341849037738 1.19428351160742 1.22270117156854 1.18276593724951 1.20800439331645 1.16730961920274 1.20906764411592 1.22584557941664 1.16518753778924 1.21333169174985 1.18236984747545 1.26790526182425 1.20948132881329 1.24063464997812 1.18989685432825 1.15131462304028 1.22109709067573
"B_7" 1.36381571858758 1.3446990697532 1.34776925297495 1.33192823658027 1.37824855145872 1.35138992180777 1.38260908462059 1.37832314545355 1.3572543361604 1.34542351263192 1.25551364353304 1.34530313249936 1.39556720251702 1.37822652864381 1.31791799076714 1.34150701944748 1.27839967214381 1.34483537499517 1.34394389090387 1.38838719522352 0.417430477930301 0.397216728672006 0.475893599409859 0.499565879425857 0.453383658219845 0.396456685034099 0.468833984307486 0.367692195941618 0.43887791172295 0.446075071339823 0.42443327581366 0.444059894991566 0.433903416720661 0.419972083309876 0.516452143133113 0.478863346656985 0.479373199926553 0 0.550622267460642 0.490680103922881 1.24225708482411 1.13945331660503 1.20609244656573 1.21875169391889 1.22285630218128 1.23755675736016 1.16769541315429 1.2255573377293 1.18178238408225 1.19216562450287 1.23219269232602 1.2194218375823 1.22147892518536 1.17726225857516 1.19096561152089 1.21254655027142 1.19800475071967 1.19806997115084 1.20565402035325 1.19625048997384
