"A_1" "A_10" "A_11" "A_12" "A_13" "A_14" "A_15" "A_16" "A_17" "A_18" "A_19" "A_2" "A_20" "A_3" "A_4" "A_5" "A_6" "A_7" "A_8" "A_9" "B_1" "B_10" "B_11" "B_12" "B_13" "B_14" "B_15" "B_16" "B_17" "B_18" "B_19" "B_2" "B_20" "B_3" "B_4" "B_5" "B_6" "B_7" "B_8" "B_9" "C_1" "C_10" "C_11" "C_12" "C_13" "C_14" "C_15" "C_16" "C_17" "C_18" "C_19" "C_2" "C_20" "C_3" "C_4" "C_5" "C_6" "C_7" "C_8" "C_9"
"A_1" 0 0.52206157938565 0.400312969969284 0.54371640365045 0.447402908542193 0.435026306081603 0.491185548730214 0.478086482857915 0.46603392565978 0.510686834557204 0.468618288123616 0.504307824688 0.540942068085897 0.521434129263563 0.421028848023452 0.39731873334867 0.536194344410025 0.523133240818957 0.51217174376303 0.444410415476652 1.19664541662575 1.20199794469896 1.23786079219458 1.22339677859359 1.21554267339488 1.17835505751292 1.21256137131813 1.2056652782734 1.24542721619688 1.2204319770051 1.21463451788976 1.21062858285673 1.20153247836269 1.20684329856268 1.1512524690832 1.20005825522921 1.2380891102905 1.22024752463287 1.19226820956606 1.198106281936 1.33040025492362 1.29147857326695 1.39569610861741 1.37343976200439 1.35202516682472 1.36330517859252 1.35789952477348 1.35302778195331 1.35578442784089 1.34754002951588 1.37578657780003 1.3738446997249 1.34786247680964 1.36943105747257 1.32853258433135 1.36050014553487 1.36809143610026 1.38838598648773 1.36012638998575 1.39245303380251
"A_10" 0.52206157938565 0 0.482289537513087 0.552974446080843 0.452151246559371 0.467600027005988 0.519854901282696 0.448918909197769 0.498834437974927 0.5238538927353 0.441185546584635 0.513337151878537 0.570337216172032 0.540311782671827 0.442424761082407 0.505725158231487 0.470986876795614 0.550956112334479 0.520654261178055 0.497727154970141 1.21071719323956 1.22148802913407 1.23676482642376 1.23804830852112 1.22886863285956 1.17845326903312 1.22605667698476 1.19341641579382 1.26721491157901 1.23804906202641 1.2277196837898 1.23006612811338 1.22089539534629 1.22393007377992 1.23016028304752 1.21300562784515 1.25432359468521 1.18312864290261 1.21820921003166 1.21407860661512 1.2988359197785 1.31635429525802 1.36210116559513 1.33986046875773 1.31889728699623 1.32959391642157 1.32956960185431 1.32423045393871 1.31775405695955 1.31074428316155 1.3437276810231 1.33699424449101 1.3195819120611 1.33932557781731 1.30107546231428 1.32779510171721 1.33478424265215 1.35515834526111 1.28010086333143 1.3571948450003
"A_11" 0.400312969969284 0.482289537513087 0 0.504164985017066 0.384500054184641 0.388143868776675 0.447127695444274 0.427904414210842 0.423702502245292 0.464098243890175 0.425027179319835 0.45560499648351 0.505814213410134 0.410099452182911 0.355707085454697 0.441117066680473 0.472558509439449 0.484019349070573 0.464449592451721 0.435027814902713 1.22425623076481 1.2292002927516 1.27077422400895 1.25302072348787 1.24857105040193 1.21225790525181 1.24013170599233 1.23793613997112 1.28316539996202 1.25245531346715 1.24239163682779 1.24507397958492 1.23358530175876 1.23767059253084 1.24285883615796 1.21764689589654 1.20019387015689 1.2547098367156 1.23075775226511 1.21300515249512 1.33795674468254 1.35481791527611 1.40625340188598 1.38094935065371 1.35768240090166 1.36933865652899 1.36952724076941 1.35359590129632 1.36148108046167 1.35323230901987 1.38539239298743 1.38102296555594 1.3580951612713 1.38039788218869 1.32784143225064 1.36754423951763 1.36939456019401 1.39850295728823 1.36959634400336 1.4003004809313
"A_12" 0.54371640365045 0.552974446080843 0.504164985017066 0 0.471773261245024 0.490218214109307 0.542246778201003 0.472784198427384 0.460511697682671 0.427707299246461 0.521410354589236 0.477719896931275 0.588637173794085 0.559953144541216 0.465964335267888 0.525008974996771 0.57887211526615 0.570039557727895 0.505232669531284 0.526795085734246 1.1987188198461 1.20863131311803 1.24108091956544 1.22414224508001 1.17868817668661 1.16750412002274 1.20969374118641 1.21100859478823 1.25170637606982 1.22415924206235 1.2147951819952 1.21678634795949 1.2078602460511 1.20693115319808 1.15865036953088 1.20035357114331 1.23543400426454 1.22639876834346 1.1630299788681 1.20151867680033 1.29741207619399 1.31503570794934 1.3634179116743 1.33856971139899 1.32001919682913 1.33046351498779 1.32046466017224 1.32538626079019 1.32318635690384 1.31195047601083 1.34452150316063 1.33746348433609 1.32061668148682 1.33777245968518 1.30200981956193 1.32837097101316 1.33591370909026 1.35594995778258 1.3320234246465 1.36299675522215
"A_13" 0.447402908542193 0.452151246559371 0.384500054184641 0.471773261245024 0 0.29838492010245 0.43338796578067 0.37803541620547 0.362636454958992 0.403991114781327 0.415383992604637 0.419365015495298 0.497146589584854 0.455916803544634 0.263294095755762 0.387436866550687 0.47687539185496 0.381814376609577 0.405430053512561 0.415762547817096 1.23612617580891 1.24642987344527 1.28679407198089 1.26352225365122 1.25846669799193 1.17092531969583 1.24755415516777 1.2530585622957 1.30224377398847 1.26712083183303 1.25334868654849 1.25719172588052 1.25043571694384 1.24591208818915 1.25726475377082 1.20706813117703 1.27765400122028 1.26903852406493 1.20734441332082 1.23955476797508 1.35194966625086 1.37546830630523 1.43050535228865 1.40097967009841 1.37763960848692 1.38997197091898 1.39162781389285 1.38346344618427 1.38129214694213 1.37276248385819 1.40966712915405 1.39747051063646 1.38058325377059 1.40272700669519 1.35232900599379 1.38774173869292 1.380230415869 1.42309994874672 1.36994305522132 1.43274433860359
"A_14" 0.435026306081603 0.467600027005988 0.388143868776675 0.490218214109307 0.29838492010245 0 0.429218516473789 0.395596319284409 0.358779333908334 0.449197052735007 0.406547705150542 0.438632023025171 0.482499283085641 0.460058161333807 0.299205688003409 0.407292424241656 0.412600750774861 0.467229642672733 0.421392391455037 0.424591097756427 1.22888039581917 1.23853091392037 1.26654923219056 1.25561326628013 1.25148692551098 1.2168065305929 1.2439421884443 1.19819607693085 1.28691247921785 1.25845956080748 1.24481013105836 1.24511671929584 1.22944594851413 1.24203007106249 1.24844789300031 1.19326428665687 1.27336109787418 1.2564734424515 1.23543964923616 1.23141185494733 1.35502516345266 1.37289322744789 1.42496778697838 1.4014578846628 1.37544639475231 1.38777048418873 1.3870026273081 1.38388362278746 1.3731355948442 1.37774421217632 1.40402622823188 1.39846748228097 1.3756144774357 1.39487920490504 1.34601848106813 1.38524688133599 1.39480126034304 1.41745051233443 1.36684582807846 1.42397566346827
"A_15" 0.491185548730214 0.519854901282696 0.447127695444274 0.542246778201003 0.43338796578067 0.429218516473789 0 0.467556103029251 0.463348427551268 0.500629029534376 0.473173024918355 0.492167990520713 0.53938217318086 0.512033502618889 0.4131760615014 0.48483281356431 0.521335425803266 0.524446914368858 0.438714903037036 0.408980970030238 1.19276798852743 1.19434982512091 1.14135004331403 1.2140877239381 1.21677021347613 1.18958719272917 1.10502101428737 1.20647992882221 1.24002265886071 1.20665457660336 1.04984060501762 1.18932569667698 1.20216511451952 1.20029603684698 1.18614682399864 1.18458158337326 1.21189567624304 1.21522589501325 1.20356346634851 1.19077030053232 1.35336364392133 1.37376877345697 1.42233459241147 1.39858555997177 1.37432094697357 1.38605903613459 1.38351740995324 1.35741821396015 1.37810502820201 1.37786715681941 1.38163990280922 1.37256532947417 1.37243800814987 1.36890433413512 1.35103710499635 1.38420452207129 1.39236762822586 1.41119343437368 1.3935082284151 1.42074504468475
"A_16" 0.478086482857915 0.448918909197769 0.427904414210842 0.472784198427384 0.37803541620547 0.395596319284409 0.467556103029251 0 0.446293033584226 0.440100232911103 0.450511876627423 0.458289826663065 0.520731778167177 0.373062753601384 0.371416235344114 0.451549627575522 0.470342162168563 0.507754871497 0.466450747850382 0.456764555643972 1.23687429306424 1.17604615731146 1.26792053679374 1.25446909890298 1.26739291257258 1.21909031480808 1.241627866041 1.25468013887911 1.30554420660691 1.26777192124871 1.25572233336898 1.2586938361956 1.23296631208749 1.25212198383522 1.24706017575536 1.23815833101769 1.28598051347977 1.25761873154526 1.2549614841078 1.24096675844475 1.31772863269104 1.34258236884795 1.38872967486022 1.36469545490314 1.34219828936243 1.35424083654238 1.35421807848878 1.29087770919295 1.34226967135023 1.33584654185243 1.37262825166244 1.36587337352358 1.34273614148683 1.36368191797723 1.32100156911556 1.35297357632985 1.3401611829348 1.38500552103519 1.36059954019338 1.39153737826708
"A_17" 0.46603392565978 0.498834437974927 0.423702502245292 0.460511697682671 0.362636454958992 0.358779333908334 0.463348427551268 0.446293033584226 0 0.481091330326686 0.443138490605928 0.469489490964972 0.517929958736254 0.455126116237333 0.390101609686196 0.401054694628057 0.506142207923602 0.49978050756913 0.480617595524187 0.454368040006615 1.1673201154252 1.2195001543326 1.20647936523249 1.23450907689114 1.23155455089784 1.19842137384698 1.18112091549556 1.22089405069288 1.26433656568566 1.23544808245526 1.22663371438639 1.22335022153342 1.21179461862471 1.21569724499859 1.22682505031744 1.21087973972713 1.24692053846004 1.18135225187252 1.21403978434296 1.21110556400211 1.34685791756625 1.36411493917284 1.38125570627082 1.3919252729051 1.37054569422531 1.38237610068874 1.37867259632627 1.3758781937579 1.37415201015162 1.37043830913982 1.39866490045745 1.39310130723747 1.36820352019768 1.39044023484297 1.34700407282985 1.38000173421239 1.38848471862338 1.41168295940563 1.38350112976895 1.41690388297715
"A_18" 0.510686834557204 0.5238538927353 0.464098243890175 0.427707299246461 0.403991114781327 0.449197052735007 0.500629029534376 0.440100232911103 0.481091330326686 0 0.486527596493269 0.413772440001646 0.554602812628357 0.520044132050367 0.421646185946013 0.500316565739589 0.540650401707379 0.538625804858029 0.513650851623378 0.484539122609809 1.20305616227284 1.2168199835984 1.2502831421209 1.23185770081736 1.22757585547107 1.19438864080643 1.22163550132606 1.21921793110427 1.26172428515679 1.23275831622544 1.22316605850588 1.22468707125798 1.22027679105704 1.21823548769902 1.22447538929252 1.20751996738633 1.24447519684752 1.23489095142804 1.17963446210921 1.20540668467197 1.31192339262301 1.3326252375884 1.37842598119483 1.35491211438654 1.33321384956814 1.34431166522661 1.34348758130446 1.34080913633395 1.33204061969752 1.33597715948287 1.36181695535323 1.35128656651937 1.33336081172037 1.35696342523303 1.3123835404437 1.34252379872352 1.34954508432792 1.37372576161473 1.35007677998715 1.3758010161354
"A_19" 0.468618288123616 0.441185546584635 0.425027179319835 0.521410354589236 0.415383992604637 0.406547705150542 0.473173024918355 0.450511876627423 0.443138490605928 0.486527596493269 0 0.476336936681769 0.463248745387228 0.496601862902831 0.398660849588402 0.472218883243825 0.51263264829764 0.495062888750931 0.48368281458492 0.455010458684299 1.20631272051079 1.21386404532384 1.25073245732683 1.22842475433946 1.22103684222146 1.1872740424153 1.21959302496541 1.19891017110569 1.25222198010591 1.23183211239177 1.22122365132438 1.16869739977621 1.20753899853438 1.21624597359009 1.22329442695889 1.20916798214401 1.24515802219494 1.23561826329515 1.20096798382551 1.20777776782875 1.31267731464611 1.35731643981809 1.41305315900947 1.38772668713596 1.3162954512779 1.37409927823897 1.37604629943463 1.36753130096587 1.36581001964812 1.3624961306468 1.38720283682406 1.38503716461069 1.36552844988254 1.38310711785253 1.29949003223262 1.37196966179074 1.38139128658045 1.39979332184881 1.37679190113646 1.40885156030026
"A_2" 0.504307824688 0.513337151878537 0.45560499648351 0.477719896931275 0.419365015495298 0.438632023025171 0.492167990520713 0.458289826663065 0.469489490964972 0.413772440001646 0.476336936681769 0 0.549716196862965 0.516985363423848 0.40688397361645 0.474687467821503 0.47652702455823 0.446682875216468 0.446557497663104 0.480836061642735 1.21184115359752 1.19144727370008 1.25690618924594 1.23717407091883 1.23755133425996 1.19478274346286 1.2222366041265 1.22714056747625 1.27122797423929 1.23971662718047 1.2276437820138 1.23088365314865 1.22451794049959 1.12836210473502 1.23040472809504 1.21651390823525 1.24917807765539 1.24132244675003 1.22759105225866 1.21463078736523 1.27916993085168 1.34749948466951 1.39880715301525 1.37145129777304 1.34993228059757 1.36113367438398 1.36222017956731 1.36046307744827 1.34870421095839 1.34502198803316 1.3789185769693 1.37061462803423 1.35232289219546 1.37217847946833 1.3304980417039 1.30552172090433 1.3679283409781 1.3914793864116 1.36552964722103 1.40073573038308
"A_20" 0.540942068085897 0.570337216172032 0.505814213410134 0.588637173794085 0.497146589584854 0.482499283085641 0.53938217318086 0.520731778167177 0.517929958736254 0.554602812628357 0.463248745387228 0.549716196862965 0 0.564639086596579 0.473689562038766 0.520780509202848 0.578533036864409 0.572796809612498 0.556611717847324 0.529942943444973 1.18716440003186 1.19803099092402 1.22222429701452 1.21192113096127 1.17731266744153 1.17782592088005 1.20237553044413 1.2001473904636 1.23849693923325 1.21062001775114 1.20387497949432 1.20068214706259 1.19721449023269 1.19797294681017 1.20376275092972 1.19140339065794 1.22725902349431 1.20926384802181 1.19237205798303 1.18955032301771 1.2432065224872 1.3225899545677 1.36329439666966 1.33119323804268 1.32252861316568 1.32277394722617 1.26973173851184 1.32993876635837 1.32780129003323 1.28853500815658 1.33659613005709 1.34693072550076 1.3228158869469 1.31288123705293 1.29955414680276 1.33527600685054 1.30142866163358 1.36342910036827 1.27527419006908 1.36716956552951
"A_3" 0.521434129263563 0.540311782671827 0.410099452182911 0.559953144541216 0.455916803544634 0.460058161333807 0.512033502618889 0.373062753601384 0.455126116237333 0.520044132050367 0.496601862902831 0.516985363423848 0.564639086596579 0 0.422075146373816 0.511297543471519 0.551534508519297 0.496677234758361 0.524966118480699 0.497731179251708 1.19180737253011 1.19977653636174 1.16319108114526 1.21428902662861 1.21058962045619 1.17962495720918 1.20487261391599 1.20468925640609 1.21162611995855 1.21448694594812 1.15136526694306 1.20903812566525 1.20243769692755 1.2015039565385 1.20768783659267 1.19122198420946 1.22924333407984 1.21782401766528 1.20405656359681 1.19309430873694 1.3244577474049 1.34614220475312 1.39383316944083 1.36879629688875 1.34656174982252 1.35807314250219 1.35718615895678 1.35540977452768 1.35019608458243 1.34997011604649 1.31996783229266 1.36547492239828 1.33356024804368 1.37136337506573 1.32702212968287 1.35576049127477 1.35998521844854 1.38851669300487 1.3502476327657 1.39637222603512
"A_4" 0.421028848023452 0.442424761082407 0.355707085454697 0.465964335267888 0.263294095755762 0.299205688003409 0.4131760615014 0.371416235344114 0.390101609686196 0.421646185946013 0.398660849588402 0.40688397361645 0.473689562038766 0.422075146373816 0 0.400310684459151 0.445795486648653 0.461593279374749 0.415759983475278 0.321377469120008 1.24191267360187 1.24893202701199 1.26398332855984 1.27448392084271 1.27648940691343 1.22761125788556 1.26153149481571 1.21501874803925 1.27943788598291 1.27496104423036 1.26359776723962 1.26378013203216 1.25999920453154 1.25944480587339 1.2678780384121 1.24126376818883 1.28913951000613 1.27555356117213 1.26317358537637 1.23664693565944 1.3608213920537 1.38037042027582 1.42726900174091 1.4038255334925 1.37866484591938 1.39108332650227 1.39090802531725 1.38951490370456 1.37834763106042 1.34915610665634 1.41262138366067 1.38096419416542 1.36282937741568 1.40912495167895 1.3522576272446 1.39055559159182 1.39878613822422 1.42251317703084 1.32910490458133 1.42762617901243
"A_5" 0.39731873334867 0.505725158231487 0.441117066680473 0.525008974996771 0.387436866550687 0.407292424241656 0.48483281356431 0.451549627575522 0.401054694628057 0.500316565739589 0.472218883243825 0.474687467821503 0.520780509202848 0.511297543471519 0.400310684459151 0 0.527759642073814 0.525724457536433 0.462321019813008 0.434129295334149 1.22166186827213 1.2333669013238 1.26878703008214 1.25045070251438 1.20928200634874 1.20417149569597 1.23437344462057 1.24002246228037 1.28630576711424 1.25059022071514 1.23999314332892 1.2417997469658 1.23698648617845 1.23114436070367 1.24149113974709 1.2024310616983 1.26314890041238 1.25241437901457 1.23823420118585 1.22481522890515 1.32756644352353 1.34648555868173 1.39693102689423 1.35248553308763 1.34817533888068 1.34439230897278 1.34421007840238 1.35277619881286 1.35311663881096 1.33771198102344 1.36190549245901 1.3190863598323 1.34974388243862 1.37140289095681 1.27013408595369 1.35886774004713 1.36654076254015 1.38310736509579 1.2388287440638 1.39375774145354
"A_6" 0.536194344410025 0.470986876795614 0.472558509439449 0.57887211526615 0.47687539185496 0.412600750774861 0.521335425803266 0.470342162168563 0.506142207923602 0.540650401707379 0.51263264829764 0.47652702455823 0.578533036864409 0.551534508519297 0.445795486648653 0.527759642073814 0 0.562026415599277 0.537780041655668 0.520480399920313 1.20853296721692 1.19158468383783 1.24940958281848 1.23293207771496 1.23376061754313 1.20650693945842 1.22203528755935 1.10499665604615 1.2673940980379 1.20789503378095 1.21506241334158 1.04768663102887 1.22115330376611 1.22115371451968 1.22357683991368 1.19905454671931 1.24952492368667 1.23461905545604 1.22459828771958 1.1760437997337 1.30440299578463 1.32171413973576 1.36312906399297 1.34336439001182 1.32082322989343 1.33117227776476 1.3315272516583 1.33099463470862 1.32357247467412 1.3269556076568 1.3482838429177 1.34190589228158 1.32208513451555 1.34506555773077 1.28721729924237 1.32949898649988 1.33812341027042 1.35654589332392 1.3398304149965 1.36236347693358
"A_7" 0.523133240818957 0.550956112334479 0.484019349070573 0.570039557727895 0.381814376609577 0.467229642672733 0.524446914368858 0.507754871497 0.49978050756913 0.538625804858029 0.495062888750931 0.446682875216468 0.572796809612498 0.496677234758361 0.461593279374749 0.525724457536433 0.562026415599277 0 0.52928864598264 0.518266189132723 1.19361954141468 1.17348167356118 1.23370178734532 1.21561121127531 1.2084534049559 1.14607774685418 1.2063574028992 1.19889442150901 1.23810548220183 1.21856099290974 1.20771216185526 1.21052604685782 1.19653651097731 1.17496911493741 1.20889521743761 1.19755226980256 1.23121298321396 1.22104020709578 1.19092009533664 1.19600175254837 1.31770050431623 1.33148211087996 1.38353196755363 1.35954804719156 1.28527589738607 1.34694664088853 1.34800119207686 1.34144401191806 1.33984320682205 1.33644598375552 1.35908723418596 1.31545092962378 1.33919480958171 1.35525023809149 1.31832282854475 1.34455228090106 1.35411744614973 1.32665130043736 1.3278920382089 1.37969822092653
"A_8" 0.51217174376303 0.520654261178055 0.464449592451721 0.505232669531284 0.405430053512561 0.421392391455037 0.438714903037036 0.466450747850382 0.480617595524187 0.513650851623378 0.48368281458492 0.446557497663104 0.556611717847324 0.524966118480699 0.415759983475278 0.462321019813008 0.537780041655668 0.52928864598264 0 0.433972743761889 1.20001345670577 1.20872240161686 1.24451179365754 1.21624347398832 1.22421352858456 1.18440731340429 1.21394599020952 1.21369638188065 1.25673203965486 1.22617154771456 1.21497113965136 1.21665697806321 1.21238328458334 1.21045027888782 1.21739832781867 1.1782244148189 1.23273018428726 1.22925279695082 1.2146868449377 1.20237343666644 1.32382565800839 1.34256610019632 1.39063827396915 1.36689066754459 1.34296102846921 1.35337867996537 1.35479183047369 1.35242095904196 1.34592797432153 1.3383535983488 1.37144982238335 1.36329842105524 1.29034888058862 1.36705995586425 1.32404145998888 1.35131583768217 1.36046292325556 1.38319666094787 1.36169237777379 1.3922469415356
"A_9" 0.444410415476652 0.497727154970141 0.435027814902713 0.526795085734246 0.415762547817096 0.424591097756427 0.408980970030238 0.456764555643972 0.454368040006615 0.484539122609809 0.455010458684299 0.480836061642735 0.529942943444973 0.497731179251708 0.321377469120008 0.434129295334149 0.520480399920313 0.518266189132723 0.433972743761889 0 1.20633309759581 1.21378741897809 1.25413759363051 1.23570660726378 1.23123907320938 1.19753954642811 1.16432083181125 1.1466939922279 1.26565706327757 1.18238274352568 1.22622141307302 1.22859648535878 1.22274624632906 1.21755721652273 1.16449133839214 1.20414607022598 1.23668835243443 1.2387562147708 1.22456261910643 1.20696081463103 1.33846320083061 1.36128565661792 1.40897546996388 1.38534010795025 1.36439652814153 1.37538369894226 1.37501482226699 1.37364382441234 1.36815614444861 1.36810963435144 1.39091088518636 1.38376271081222 1.36533036766135 1.38727294543889 1.34212024384973 1.37320269273833 1.38227332966236 1.40767268499729 1.34664424727739 1.4125305116282
"B_1" 1.19664541662575 1.21071719323956 1.22425623076481 1.1987188198461 1.23612617580891 1.22888039581917 1.19276798852743 1.23687429306424 1.1673201154252 1.20305616227284 1.20631272051079 1.21184115359752 1.18716440003186 1.19180737253011 1.24191267360187 1.22166186827213 1.20853296721692 1.19361954141468 1.20001345670577 1.20633309759581 0 0.537547896522685 0.48120189605755 0.443577809949583 0.53385536741519 0.54689651642468 0.444816409859017 0.528867128398042 0.36589383733212 0.483347375935345 0.541581306063382 0.537828596928512 0.481579871355468 0.512153154325087 0.519064629281551 0.508485250868351 0.440932812824678 0.526970525383778 0.534824621937606 0.482322920515933 1.28942069230119 1.31310111912079 1.35121145087622 1.33454266596466 1.32546906204502 1.31034551919323 1.31056614790029 1.32457328275801 1.32107202168469 1.3166315714027 1.31821376812765 1.3121821494261 1.32167080592713 1.32277245797027 1.30175864393153 1.30430029669252 1.32851529571222 1.32982529302063 1.33085591514214 1.34705054238066
"B_10" 1.20199794469896 1.22148802913407 1.2292002927516 1.20863131311803 1.24642987344527 1.23853091392037 1.19434982512091 1.17604615731146 1.2195001543326 1.2168199835984 1.21386404532384 1.19144727370008 1.19803099092402 1.19977653636174 1.24893202701199 1.2333669013238 1.19158468383783 1.17348167356118 1.20872240161686 1.21378741897809 0.537547896522685 0 0.429374582097939 0.466795475966389 0.500278225276135 0.514839651940509 0.493978522453402 0.498585321807931 0.371219730409355 0.415355448480051 0.508279645873948 0.506735187392078 0.473307496432112 0.38180207985023 0.479351978503361 0.502231590850756 0.410536169936518 0.493668162103768 0.50356036549272 0.495230067263674 1.30320019830482 1.3324904296775 1.37277392406477 1.35540971566724 1.34487523217506 1.33226750824514 1.33092665657909 1.34613427820627 1.34019985217069 1.34032102848703 1.33569173241101 1.32870104276162 1.34240097858065 1.34604079103076 1.30467735869948 1.32148601673373 1.33955743348738 1.34457551071311 1.34624462773183 1.36788078755666
"B_11" 1.23786079219458 1.23676482642376 1.27077422400895 1.24108091956544 1.28679407198089 1.26654923219056 1.14135004331403 1.26792053679374 1.20647936523249 1.2502831421209 1.25073245732683 1.25690618924594 1.22222429701452 1.16319108114526 1.26398332855984 1.26878703008214 1.24940958281848 1.23370178734532 1.24451179365754 1.25413759363051 0.48120189605755 0.429374582097939 0 0.403234552623918 0.440725998726419 0.514863702214954 0.432743793850732 0.432995763654711 0.269993544081781 0.378444021978562 0.423788585675877 0.447302415282931 0.409038178077247 0.415299084487254 0.399282536656677 0.443310044128704 0.339511639014365 0.42336645828403 0.441469979015672 0.465973387040275 1.32184104498429 1.3527961988244 1.39309709587116 1.37507586775536 1.36597152099323 1.35255746014634 1.3497514591476 1.36558349275882 1.35705934476461 1.36005431275496 1.35072823312309 1.35059317318917 1.34406136082683 1.30527316880745 1.33874569210305 1.34129511102234 1.35900461134996 1.369897645001 1.35430886496259 1.3890275019088
"B_12" 1.22339677859359 1.23804830852112 1.25302072348787 1.22414224508001 1.26352225365122 1.25561326628013 1.2140877239381 1.25446909890298 1.23450907689114 1.23185770081736 1.22842475433946 1.23717407091883 1.21192113096127 1.21428902662861 1.27448392084271 1.25045070251438 1.23293207771496 1.21561121127531 1.21624347398832 1.23570660726378 0.443577809949583 0.466795475966389 0.403234552623918 0 0.462132950582902 0.537063110197637 0.469503747940854 0.460365762174949 0.330992954147613 0.406063823453685 0.470293989724957 0.402131849292821 0.448880051720302 0.371151741209148 0.374751770700208 0.465014765210174 0.357847294397062 0.442618057902647 0.466611507539174 0.489287970165581 1.32156290644812 1.34353717413655 1.38425529504004 1.36701160318565 1.35642392101206 1.34217358913435 1.34136255075825 1.35688691401524 1.35038676812984 1.35243459553238 1.30951750674327 1.33913546682839 1.35425257509024 1.35789713129316 1.27893713617768 1.33162004083959 1.35950277010198 1.35859600887009 1.36263424483156 1.37889120818739
"B_13" 1.21554267339488 1.22886863285956 1.24857105040193 1.17868817668661 1.25846669799193 1.25148692551098 1.21677021347613 1.26739291257258 1.23155455089784 1.22757585547107 1.22103684222146 1.23755133425996 1.17731266744153 1.21058962045619 1.27648940691343 1.20928200634874 1.23376061754313 1.2084534049559 1.22421352858456 1.23123907320938 0.53385536741519 0.500278225276135 0.440725998726419 0.462132950582902 0 0.546873392168931 0.443382001455675 0.490005234058652 0.366868905079147 0.443199232776116 0.503865884494769 0.503376928804029 0.478043527515198 0.47538751756221 0.482657611187636 0.492937334259082 0.405448319102614 0.490484598870809 0.444001864556966 0.521981661233575 1.29015751999463 1.32554860943106 1.36693605661154 1.33085781427746 1.34030740203984 1.30411435621726 1.30851043975465 1.33838630212388 1.3346995505255 1.27826830397879 1.24938291457059 1.30542697354523 1.33858736142106 1.33900759037566 1.31895924297244 1.31677108857678 1.3399903779931 1.26939014388941 1.31249013345192 1.35881236278612
"B_14" 1.17835505751292 1.17845326903312 1.21225790525181 1.16750412002274 1.17092531969583 1.2168065305929 1.18958719272917 1.21909031480808 1.19842137384698 1.19438864080643 1.1872740424153 1.19478274346286 1.17782592088005 1.17962495720918 1.22761125788556 1.20417149569597 1.20650693945842 1.14607774685418 1.18440731340429 1.19753954642811 0.54689651642468 0.514839651940509 0.514863702214954 0.537063110197637 0.546873392168931 0 0.570618761344191 0.556327489052835 0.392547133960768 0.516803889658739 0.572239977868885 0.57088142194213 0.544116608809571 0.545649730367344 0.551961108033329 0.447364551007923 0.486641657236424 0.552678842497571 0.54928216638011 0.585719966912752 1.28090732418816 1.29153405209692 1.34300890143904 1.32674352090622 1.31808959668465 1.30722510073576 1.30460774805261 1.31289437750105 1.31395568617237 1.29878607242648 1.30533597407968 1.29947172259753 1.31462773639388 1.28470992314365 1.29724900204443 1.29747297922534 1.32128149300296 1.25946692542433 1.29560373377345 1.3336286154948
"B_15" 1.21256137131813 1.22605667698476 1.24013170599233 1.20969374118641 1.24755415516777 1.2439421884443 1.10502101428737 1.241627866041 1.18112091549556 1.22163550132606 1.21959302496541 1.2222366041265 1.20237553044413 1.20487261391599 1.26153149481571 1.23437344462057 1.22203528755935 1.2063574028992 1.21394599020952 1.16432083181125 0.444816409859017 0.493978522453402 0.432743793850732 0.469503747940854 0.443382001455675 0.570618761344191 0 0.501395225824158 0.381713692958421 0.451057785212379 0.510978678297466 0.503352449457698 0.476176780772013 0.477951996887461 0.488395243048028 0.505103906695504 0.409029803429161 0.496389288737602 0.506040990029645 0.52727568402788 1.30354990152538 1.33261198963578 1.37600989386902 1.35524616159229 1.25466380083822 1.33514289896109 1.33363673035833 1.31781166711416 1.3428634718218 1.3431080659098 1.33887037004963 1.30581819378652 1.34500880996166 1.31513854054736 1.32483317638446 1.28371006694288 1.34282242864134 1.35167140461426 1.35003050642917 1.37129577709837
"B_16" 1.2056652782734 1.19341641579382 1.23793613997112 1.21100859478823 1.2530585622957 1.19819607693085 1.20647992882221 1.25468013887911 1.22089405069288 1.21921793110427 1.19891017110569 1.22714056747625 1.2001473904636 1.20468925640609 1.21501874803925 1.24002246228037 1.10499665604615 1.19889442150901 1.21369638188065 1.1466939922279 0.528867128398042 0.498585321807931 0.432995763654711 0.460365762174949 0.490005234058652 0.556327489052835 0.501395225824158 0 0.36078129832754 0.441638008173445 0.502456404262055 0.385507064493862 0.476507074871081 0.473342703940706 0.474743488475781 0.49733923455639 0.399096739903767 0.489269516834833 0.488662137759324 0.516098192208524 1.31806517270193 1.33723773643107 1.38088597866361 1.36336719718114 1.35235409545682 1.33919331501258 1.33862231552453 1.35080555446406 1.34706509504896 1.34622564908885 1.34012295222756 1.33693490454331 1.30603454525248 1.35131865558851 1.32771244579688 1.32861131364917 1.35637524393432 1.30421356330844 1.3300558066404 1.37277114613815
"B_17" 1.24542721619688 1.26721491157901 1.28316539996202 1.25170637606982 1.30224377398847 1.28691247921785 1.24002265886071 1.30554420660691 1.26433656568566 1.26172428515679 1.25222198010591 1.27122797423929 1.23849693923325 1.21162611995855 1.27943788598291 1.28630576711424 1.2673940980379 1.23810548220183 1.25673203965486 1.26565706327757 0.36589383733212 0.371219730409355 0.269993544081781 0.330992954147613 0.366868905079147 0.392547133960768 0.381713692958421 0.36078129832754 0 0.308333180093485 0.383731863718423 0.382496477297272 0.350333554137516 0.347881092290396 0.348542421483362 0.368812021446336 0.255946275405602 0.365456849693384 0.364905936327267 0.351253900836452 1.36559381234031 1.39224455664571 1.44257898098586 1.42183672925115 1.40948064856699 1.38970327602407 1.39386841934116 1.40822513367147 1.40365665608391 1.40198771239142 1.39509844073568 1.39155849857552 1.38869899383538 1.36394384932178 1.3809095923772 1.38211621125748 1.40841927633946 1.40562029064825 1.39435986059704 1.43331488134143
"B_18" 1.2204319770051 1.23804906202641 1.25245531346715 1.22415924206235 1.26712083183303 1.25845956080748 1.20665457660336 1.26777192124871 1.23544808245526 1.23275831622544 1.23183211239177 1.23971662718047 1.21062001775114 1.21448694594812 1.27496104423036 1.25059022071514 1.20789503378095 1.21856099290974 1.22617154771456 1.18238274352568 0.483347375935345 0.415355448480051 0.378444021978562 0.406063823453685 0.443199232776116 0.516803889658739 0.451057785212379 0.441638008173445 0.308333180093485 0 0.452652697420835 0.44812551075672 0.428606469821206 0.349305456250091 0.37755534195374 0.445897119058467 0.344063891498072 0.433733030813173 0.443986926991144 0.392439060466018 1.33592526913894 1.35960787748824 1.40287852303422 1.38419761434396 1.37439182970768 1.36073021587086 1.35640391394148 1.37269265126705 1.3692516203481 1.36671039214834 1.36456010409225 1.35727494387968 1.36879013914292 1.37431811540207 1.32954031292792 1.34909748023201 1.37646425440514 1.37304396412856 1.34171941372504 1.39775657051485
"B_19" 1.21463451788976 1.2277196837898 1.24239163682779 1.2147951819952 1.25334868654849 1.24481013105836 1.04984060501762 1.25572233336898 1.22663371438639 1.22316605850588 1.22122365132438 1.2276437820138 1.20387497949432 1.15136526694306 1.26359776723962 1.23999314332892 1.21506241334158 1.20771216185526 1.21497113965136 1.22622141307302 0.541581306063382 0.508279645873948 0.423788585675877 0.470293989724957 0.503865884494769 0.572239977868885 0.510978678297466 0.502456404262055 0.383731863718423 0.452652697420835 0 0.494278582844074 0.49139094800785 0.483360190225459 0.472315444296855 0.50654776084076 0.415620174263612 0.498063342352258 0.447341290852884 0.528612508833665 1.2945289946074 1.31497903374536 1.35257794495864 1.3365062985067 1.32665391476656 1.31411976710394 1.31327099757202 1.32755518088487 1.32161517158149 1.322864555456 1.30259636228286 1.31121588820095 1.32461599342709 1.32799081772493 1.3050466669667 1.30420100300182 1.32966503430503 1.32929599974816 1.33219568746777 1.34787767076909
"B_2" 1.21062858285673 1.23006612811338 1.24507397958492 1.21678634795949 1.25719172588052 1.24511671929584 1.18932569667698 1.2586938361956 1.22335022153342 1.22468707125798 1.16869739977621 1.23088365314865 1.20068214706259 1.20903812566525 1.26378013203216 1.2417997469658 1.04768663102887 1.21052604685782 1.21665697806321 1.22859648535878 0.537828596928512 0.506735187392078 0.447302415282931 0.402131849292821 0.503376928804029 0.57088142194213 0.503352449457698 0.385507064493862 0.382496477297272 0.44812551075672 0.494278582844074 0 0.427712835787783 0.478770838249174 0.487209278129301 0.501527011890459 0.413735002708294 0.491678259196672 0.504827389937015 0.525815127668395 1.27518340273294 1.32825083148832 1.36418706850967 1.35098109471316 1.34170616809179 1.27077598150061 1.32269489850677 1.33962181708645 1.33592436696684 1.33620584254618 1.32174918135351 1.32656018149425 1.33513970934298 1.3418980743657 1.31644305272058 1.31812899764837 1.34383751226599 1.34426759803524 1.34815191740807 1.35954625235766
"B_20" 1.20153247836269 1.22089539534629 1.23358530175876 1.2078602460511 1.25043571694384 1.22944594851413 1.20216511451952 1.23296631208749 1.21179461862471 1.22027679105704 1.20753899853438 1.22451794049959 1.19721449023269 1.20243769692755 1.25999920453154 1.23698648617845 1.22115330376611 1.19653651097731 1.21238328458334 1.22274624632906 0.481579871355468 0.473307496432112 0.409038178077247 0.448880051720302 0.478043527515198 0.544116608809571 0.476176780772013 0.476507074871081 0.350333554137516 0.428606469821206 0.49139094800785 0.427712835787783 0 0.397092098682427 0.402736715820527 0.444894593690108 0.313941953122917 0.467505334848748 0.475943373035244 0.476550783989351 1.31838620282629 1.34619444396473 1.39131428550425 1.37275923830801 1.36167087745386 1.34902804948066 1.34778429423368 1.36066283171786 1.35716720510079 1.35420161427898 1.34402533689277 1.34553006913969 1.35925888788147 1.35542066952636 1.3379710916866 1.33757899377442 1.34993536620373 1.36283666626146 1.36418777156576 1.38313432141105
"B_3" 1.20684329856268 1.22393007377992 1.23767059253084 1.20693115319808 1.24591208818915 1.24203007106249 1.20029603684698 1.25212198383522 1.21569724499859 1.21823548769902 1.21624597359009 1.12836210473502 1.19797294681017 1.2015039565385 1.25944480587339 1.23114436070367 1.22115371451968 1.17496911493741 1.21045027888782 1.21755721652273 0.512153154325087 0.38180207985023 0.415299084487254 0.371151741209148 0.47538751756221 0.545649730367344 0.477951996887461 0.473342703940706 0.347881092290396 0.349305456250091 0.483360190225459 0.478770838249174 0.397092098682427 0 0.457723474813514 0.477675563432826 0.303430285264323 0.467088121762063 0.476456631167876 0.498688524902556 1.32797314192912 1.35096916129523 1.39644081751281 1.37543896510301 1.36821187597889 1.35449103180022 1.35064375499645 1.36639586790842 1.36284289947581 1.36154183827257 1.35889447041937 1.35195460752715 1.3634791411848 1.36540303834796 1.34301956014046 1.34333026647057 1.37066509342566 1.37195968718052 1.37128695528242 1.3914177082119
"B_4" 1.1512524690832 1.23016028304752 1.24285883615796 1.15865036953088 1.25726475377082 1.24844789300031 1.18614682399864 1.24706017575536 1.22682505031744 1.22447538929252 1.22329442695889 1.23040472809504 1.20376275092972 1.20768783659267 1.2678780384121 1.24149113974709 1.22357683991368 1.20889521743761 1.21739832781867 1.16449133839214 0.519064629281551 0.479351978503361 0.399282536656677 0.374751770700208 0.482657611187636 0.551961108033329 0.488395243048028 0.474743488475781 0.348542421483362 0.37755534195374 0.472315444296855 0.487209278129301 0.402736715820527 0.457723474813514 0 0.483723387935695 0.388456603888836 0.461370548289319 0.483571939828617 0.461637834685868 1.32053379836602 1.34278145459741 1.38268105293839 1.36537902942367 1.3558808432486 1.34198537676496 1.34001590394971 1.355158941004 1.35042978029483 1.35064262180967 1.3067218335658 1.34125363533132 1.3519177748593 1.35701268015451 1.33241402162004 1.33187085721617 1.35798542534119 1.35566157614248 1.36257542820328 1.37857024901006
"B_5" 1.20005825522921 1.21300562784515 1.21764689589654 1.20035357114331 1.20706813117703 1.19326428665687 1.18458158337326 1.23815833101769 1.21087973972713 1.20751996738633 1.20916798214401 1.21651390823525 1.19140339065794 1.19122198420946 1.24126376818883 1.2024310616983 1.19905454671931 1.19755226980256 1.1782244148189 1.20414607022598 0.508485250868351 0.502231590850756 0.443310044128704 0.465014765210174 0.492937334259082 0.447364551007923 0.505103906695504 0.49733923455639 0.368812021446336 0.445897119058467 0.50654776084076 0.501527011890459 0.444894593690108 0.477675563432826 0.483723387935695 0 0.401042182724234 0.488723549492657 0.502309966372764 0.484738508815154 1.31987180100403 1.3458146967264 1.33498488599326 1.36922548093899 1.35785696719524 1.34472734901462 1.28832793202554 1.3601806178754 1.30870003092962 1.35477923654913 1.34540527334604 1.3394977649618 1.3538523486627 1.35567970646997 1.33281300801023 1.3344094245331 1.36187511481292 1.36261452980643 1.36496366523943 1.37574781392796
"B_6" 1.2380891102905 1.25432359468521 1.20019387015689 1.23543400426454 1.27765400122028 1.27336109787418 1.21189567624304 1.28598051347977 1.24692053846004 1.24447519684752 1.24515802219494 1.24917807765539 1.22725902349431 1.22924333407984 1.28913951000613 1.26314890041238 1.24952492368667 1.23121298321396 1.23273018428726 1.23668835243443 0.440932812824678 0.410536169936518 0.339511639014365 0.357847294397062 0.405448319102614 0.486641657236424 0.409029803429161 0.399096739903767 0.255946275405602 0.344063891498072 0.415620174263612 0.413735002708294 0.313941953122917 0.303430285264323 0.388456603888836 0.401042182724234 0 0.398268564889396 0.409214488605755 0.430176787433505 1.3486960880044 1.37315328042821 1.42091450102016 1.39840568963736 1.38978830240857 1.37523534554193 1.37434757929425 1.39143408294717 1.38414616294565 1.38526698326869 1.36747836448048 1.37176110276914 1.38736475885311 1.38163496158593 1.3617732566063 1.36314811926293 1.39350593510253 1.39342507312187 1.39329467037735 1.41041728862604
"B_7" 1.22024752463287 1.18312864290261 1.2547098367156 1.22639876834346 1.26903852406493 1.2564734424515 1.21522589501325 1.25761873154526 1.18135225187252 1.23489095142804 1.23561826329515 1.24132244675003 1.20926384802181 1.21782401766528 1.27555356117213 1.25241437901457 1.23461905545604 1.22104020709578 1.22925279695082 1.2387562147708 0.526970525383778 0.493668162103768 0.42336645828403 0.442618057902647 0.490484598870809 0.552678842497571 0.496389288737602 0.489269516834833 0.365456849693384 0.433733030813173 0.498063342352258 0.491678259196672 0.467505334848748 0.467088121762063 0.461370548289319 0.488723549492657 0.398268564889396 0 0.491566304345619 0.513740075476292 1.20965413896065 1.32036466783614 1.31455708883185 1.34076231398601 1.27810836373565 1.31994404345481 1.3147482090782 1.3316547840825 1.32361680399287 1.32716190462866 1.31784066514027 1.31229746669884 1.32561599752835 1.33376888162915 1.3084178438368 1.30992142547274 1.28762084804132 1.33116295395898 1.33780222963832 1.34996664944897
