"A_1" "A_10" "A_11" "A_12" "A_13" "A_14" "A_15" "A_16" "A_17" "A_18" "A_19" "A_2" "A_20" "A_3" "A_4" "A_5" "A_6" "A_7" "A_8" "A_9" "B_1" "B_10" "B_11" "B_12" "B_13" "B_14" "B_15" "B_16" "B_17" "B_18" "B_19" "B_2" "B_20" "B_3" "B_4" "B_5" "B_6" "B_7" "B_8" "B_9" "C_1" "C_10" "C_11" "C_12" "C_13" "C_14" "C_15" "C_16" "C_17" "C_18" "C_19" "C_2" "C_20" "C_3" "C_4" "C_5" "C_6" "C_7" "C_8" "C_9"
"A_1" 0 0.89371207296055 0.797356172482512 0.697210099796956 0.723690602764472 0.75178398130921 0.844797056637547 0.697210099796956 0.885557226025417 0.618561858686601 0.869301406327442 0.732253311451988 1.08982918453258 0.93941530192558 0.711472599403397 0.774621086412196 1.02003290623743 0.719137437035387 0.990938014265766 0.880763147579723 0.991756381007585 1.30760987672681 1.40350487621926 1.27918504771816 1.23790030625112 1.31148864152612 1.33657007811038 1.40623957846563 1.32188089602041 1.20925083226342 1.32179083582562 0.776479154185809 1.10707178877099 1.08802920243447 1.23026518002012 1.27605398624751 1.07867733447739 1.04617842423068 1.17786927610975 1.17418747794389 0.717606071119099 1.19426781788146 1.02923128127371 1.09493087148968 0.927339352238213 1.01767680582019 1.18651355819355 1.01677282603795 1.05043358654195 1.09698016013937 0.927342823745594 1.06039817677494 1.16181636148976 0.90736063830892 1.02283986997533 0.797242806411459 1.16248027483888 1.14828547810471 0.969131770702419 0.976934008556452
"A_10" 0.89371207296055 0 1.02866342403829 0.94557852214939 0.950437548679331 0.895486796830595 0.982382531598698 0.94557852214939 0.944299625014432 0.87334398430633 1.019572366412 0.984883876068268 0.953373158089504 0.9944724180142 0.901104135611635 1.00423270433701 0.930364771146247 0.997835618762944 0.964609513265611 0.945471478876667 1.10564456036435 1.12015892055629 1.09607614330247 1.10759530627222 1.08150337855841 1.12508989731857 1.11600595905292 1.12152120098956 1.06324884390959 1.08783384052324 1.03661728577207 1.018879613237 1.00328853044437 0.953538182363292 0.969826678780599 1.06726088190884 1.06795839414424 1.02211630247057 1.08574625016104 1.07868428530398 1.04532265465258 1.00733922635043 0.999736469765678 1.03696165582226 1.0155304375405 1.00124904507968 1.05744522021052 1.031257440168 0.956793404840388 0.972668725791062 1.02140765428696 0.986879983174875 1.06503871614564 0.962341560498008 1.01972111791826 0.989267809138243 1.05586926781443 1.05812255862909 1.08400121634608 1.03518154070612
"A_11" 0.797356172482512 1.02866342403829 0 0.840459598470083 0.891485975171533 0.896479880203811 0.658382319895228 0.840459598470083 0.913367291172232 0.835861048839723 0.954759496453727 0.839958359151015 1.06594134202925 1.02235931109008 0.819158243731831 0.766654128165884 0.996976776379091 0.781621783528179 1.06564945587805 0.801649342247854 1.06137341685731 1.20295985886025 1.2378468990841 1.08017767604158 1.17186564448657 1.17140727145922 1.20927150756744 1.26869766617034 1.2237709107238 1.19491979039676 1.18825026491667 0.976140347907647 1.04806703935159 1.06725062608235 1.17780194777933 1.15577211190947 1.07897193250935 1.01241244979071 1.11493159867935 1.08415993422205 0.902790425746033 1.11874243246165 1.08353911449916 1.1067236005016 0.988496891917983 0.972148212754854 1.03514315403645 0.981321141094007 1.00776475034822 1.04819193801601 0.955513543103681 1.05046017361283 1.15421427445188 0.954432903621097 1.00927685688798 0.90321279798579 1.1253109093727 1.15690427904356 0.871528219405847 1.03026314913057
"A_12" 0.697210099796956 0.94557852214939 0.840459598470083 0 0.926857380867936 0.756120372285306 0.789051898637562 -4.44089209850063e-16 0.939489694471862 0.758449050358408 0.931934900134348 0.723384055992666 1.06833152435112 0.884110211300986 0.861250012123589 0.828113029879294 0.93358853839678 0.786956726765619 1.00816545219895 0.820313284753839 1.04694152157519 1.25417432378353 1.36232310719187 1.24840045550319 1.26002192052696 1.22583030127613 1.32755659648847 1.3415956893295 1.25853257506981 1.20303384942842 1.27907776880612 0.978311319582434 1.08554359022989 1.09130326708997 1.19271233308756 1.22903877684554 1.05921565321906 1.08840856423719 1.15089546222739 1.15410931681892 0.901523711235224 1.2136771686583 1.06021428995639 1.10083820418712 0.916846118997664 0.880179772543782 1.16568769215229 0.951027041058653 1.05834259913632 1.02405157555787 0.99324713255399 1.08899521271886 1.10679342285581 0.995255330226297 1.13406983814659 0.902763808871294 1.18643127933392 1.08682623171618 0.96565262184586 1.01225881606689
"A_13" 0.723690602764472 0.950437548679331 0.891485975171533 0.926857380867936 0 0.887135794827569 0.993006456022869 0.926857380867936 0.824729661585337 0.834193628028483 0.932575460554843 0.886874831573158 0.970036400643224 0.92143155632076 0.835737721037174 0.874578213585324 0.967316287855913 0.840125418857423 0.967176599389594 0.971366192341594 0.973732243497469 1.15988811113105 1.24681335383752 1.20378184078903 1.16448013132178 1.15446892742264 1.17534874486566 1.2397997957079 1.23852967692732 1.14850981141278 1.17832515037537 0.973377348278133 1.13237415627379 1.07664240486183 1.14707938906996 1.10138744213164 1.06217233434626 1.04051796521188 1.11042457921332 1.10167679755502 0.855348064345418 1.06301173186439 1.08360093782637 1.03102089092448 0.922521889461792 0.93790313504432 1.07844074924984 1.07236768496092 1.0164994731156 1.04009051988253 0.916352343671642 1.0364370083465 1.21521703073959 0.948817716271032 0.919963715701826 0.926838495735045 1.11390380230754 1.09508889351492 0.93539883159603 0.990023662982339
"A_14" 0.75178398130921 0.895486796830595 0.896479880203811 0.756120372285306 0.887135794827569 0 0.81687911233605 0.756120372285306 0.87537741983784 0.657101989531139 0.83033412596579 0.761521273229645 1.10231704674604 0.947993555405174 0.875609542435838 0.848613767450966 1.04412654084757 0.816003001732176 1.02673839898063 0.848084084367236 0.969366938816088 1.23317632970983 1.37051313491928 1.30619502877573 1.24928962332759 1.23098902730098 1.25784373685223 1.38588608828771 1.28366348790873 1.20149978700109 1.30861381322753 0.972902004303214 1.0800960963161 1.09883467155781 1.21677230914628 1.25865621025544 1.018302980325 1.09791319608456 1.16009844450025 1.17004185266422 0.82776517101039 1.17528344979993 1.03181372321787 1.00162585372592 0.639976821058016 1.02583417096878 1.17734219074475 0.972752628649024 0.959515344667507 0.947657853571473 0.915048105798648 1.07369282262523 1.1346297072577 0.944732288564045 1.07211269766378 0.852970549101942 1.14472546323502 1.09846600398728 1.0116905660226 0.953526176014982
"A_15" 0.844797056637547 0.982382531598698 0.658382319895228 0.789051898637562 0.993006456022869 0.81687911233605 0 0.789051898637562 0.95587570724916 0.794192809282673 0.880138118412185 0.837185695836228 1.06391382275543 1.00882964885303 0.938073116142377 0.947370880268627 0.984955854505696 0.810138422383895 1.04707540871569 0.898903078666883 1.06123973664636 1.22501176815617 1.21465015811635 1.19837548878248 1.17652063726969 1.18404002999342 1.20878913007282 1.25342198974167 1.17926634254987 1.13002959128457 1.18625407665948 0.956007272927095 0.985358936259167 1.06783686556485 1.1800476308848 1.08438226947226 1.0940377858125 1.03694981287795 1.10888536233918 1.11235527027064 0.960681762843793 1.16173044169892 1.04484244015684 1.06804243649136 0.942387417086608 0.964594570281364 1.08330571969237 0.995135605847786 1.0024517053702 1.07792303372588 0.950487902792104 1.02611221302491 1.05449294552305 1.01440521482347 1.08904269206871 0.816730055878221 1.0694122995931 1.11035068063346 0.952819688646789 0.969939035457196
"A_16" 0.697210099796956 0.94557852214939 0.840459598470083 -4.44089209850063e-16 0.926857380867936 0.756120372285306 0.789051898637562 0 0.939489694471862 0.758449050358408 0.931934900134348 0.723384055992666 1.06833152435112 0.884110211300986 0.861250012123589 0.828113029879294 0.93358853839678 0.786956726765619 1.00816545219895 0.820313284753839 1.04694152157519 1.25417432378353 1.36232310719187 1.24840045550319 1.26002192052696 1.22583030127613 1.32755659648847 1.3415956893295 1.25853257506981 1.20303384942842 1.27907776880612 0.978311319582434 1.08554359022989 1.09130326708997 1.19271233308756 1.22903877684554 1.05921565321906 1.08840856423719 1.15089546222739 1.15410931681892 0.901523711235224 1.2136771686583 1.06021428995639 1.10083820418712 0.916846118997664 0.880179772543782 1.16568769215229 0.951027041058653 1.05834259913632 1.02405157555787 0.99324713255399 1.08899521271886 1.10679342285581 0.995255330226297 1.13406983814659 0.902763808871294 1.18643127933392 1.08682623171618 0.96565262184586 1.01225881606689
"A_17" 0.885557226025417 0.944299625014432 0.913367291172232 0.939489694471862 0.824729661585337 0.87537741983784 0.95587570724916 0.939489694471862 0 0.774046774788972 0.966798416333471 0.959118806041222 0.982860567825509 1.04097721046979 0.939634989842095 0.969267997969823 0.962373464859949 0.876277147638996 0.863202674542684 0.93076377360091 1.03511739488582 1.24769797238968 1.16412658658699 1.20432985822942 1.1686762793327 1.18188771053524 1.16785267841362 1.20583880296981 1.18173419968233 1.15498067644585 1.10298446947824 0.995790297627327 1.02512364924993 1.07988506461929 1.05561898693688 1.13529158433403 1.09985531807984 1.04259335881996 1.13849918226054 1.10750323364424 0.997269206574426 1.14032526323597 0.942956467048471 0.91691945493564 0.910730843519755 1.0048370260383 0.993863642646944 1.06508500455298 0.947472995013574 1.01396295468086 0.976855156939822 0.986754571102479 1.16929079087453 0.971916301077567 1.09440874833408 0.856047514542458 1.07346255377357 1.01250639912121 0.955209682899178 0.973222050036345
"A_18" 0.618561858686601 0.87334398430633 0.835861048839723 0.758449050358408 0.834193628028483 0.657101989531139 0.794192809282673 0.758449050358408 0.774046774788972 0 0.844087620156918 0.711168651344541 1.13464288794407 0.99679846286035 0.769628823329513 0.834209070022035 1.00895018736152 0.749306462341818 0.922095787907805 0.91736366698279 0.926910321811322 1.37754992670964 1.47021254812337 1.33349472723776 1.22481230811317 1.3027755791416 1.40002865034616 1.46089085612416 1.32722383727117 1.16093533054294 1.33997260143288 0.968857133672098 1.14535046597762 1.12187519386314 1.16429204046551 1.27276321356931 1.10293646552154 1.07730724407906 1.23747729751133 1.1871794626712 0.742297406763426 1.22145885468203 1.03070203949486 0.848926255137147 0.82314044240662 1.03821773148644 1.18127267153312 1.02150600117625 0.961308325791458 1.02398035209724 0.893945542935151 1.06914648377003 1.29784544361342 0.941770546651939 1.15172548750814 0.773463329583581 0.986307277746295 1.15965904983939 0.939235444737534 0.835554423505089
"A_19" 0.869301406327442 1.019572366412 0.954759496453727 0.931934900134348 0.932575460554843 0.83033412596579 0.880138118412185 0.931934900134348 0.966798416333471 0.844087620156918 0 0.847101595451407 1.05250038848199 0.994684316907236 0.969347505023901 0.972970525518458 1.07815235611114 0.879022375436402 0.957286739159753 0.863749239460957 1.04282568437052 1.1611063009075 1.16088426471161 1.16261753625872 1.11504216290705 1.13338606463201 1.17457825105052 1.19063524409367 1.13160712186826 1.11757041167626 1.10933104907708 1.00989031074495 1.10733578660466 0.995917775463484 1.14272503396095 1.08665345168882 1.10116744444868 1.03930743835788 1.0418074795579 1.10919266454195 0.963013013978053 1.07835591773084 0.937945381179767 1.08711573190247 0.987549384569433 1.00010087346264 0.955222265663309 1.00214994301597 1.02699085968321 1.02420366871955 0.998462255097513 1.02996139954995 1.07716686394642 1.04307060807569 1.12347092338545 0.85922582493183 0.994329201472269 1.06701983010843 0.995339103417587 1.03363580013833
"A_2" 0.732253311451988 0.984883876068268 0.839958359151015 0.723384055992666 0.886874831573158 0.761521273229645 0.837185695836228 0.723384055992666 0.959118806041222 0.711168651344541 0.847101595451407 0 1.05432332655309 0.95099354738089 0.80098367264579 0.738800920381706 0.927181675767523 0.706146085816597 1.02277985120419 0.838948031116586 0.986616504304624 1.26689260945927 1.34952188278201 1.24791246553733 1.17394180610737 1.22586976955479 1.32879640123244 1.35627627525529 1.24343860966813 1.16387213813613 1.22641240963993 0.96427243476137 1.10777891262664 1.08866778022216 1.17010898750864 1.23548898726358 1.0226737843048 1.09447440557667 1.1367738953808 1.13444284859756 0.925706201778654 1.1956610848311 1.09493058322327 1.10555579404446 0.913252211695044 0.935277082352791 1.18393620975191 1.00892873589401 1.07721160646292 1.03396473056537 0.921596093709261 0.97161779666104 1.21611426333942 0.993419772633162 1.08840280657516 0.809541328294396 1.13595922587086 1.14070187088862 0.871816180722547 1.04359314025883
"A_20" 1.08982918453258 0.953373158089504 1.06594134202925 1.06833152435112 0.970036400643224 1.10231704674604 1.06391382275543 1.06833152435112 0.982860567825509 1.13464288794407 1.05250038848199 1.05432332655309 0 0.97077894462174 1.10827687941144 1.05323651283216 0.971674933816492 1.04983126177805 0.907058887045129 1.04723464997734 1.13992577878826 0.95376175673909 0.941168441762966 1.03739775334527 1.05590857497561 1.03486643013482 1.00410851140942 0.968163050744613 1.02136485622316 1.07067116258588 0.931635946842856 1.07240758993199 0.907184663552527 1.00358461964609 1.00725071583954 1.00821795585113 1.12483942515744 1.024865940522 1.0459320238487 1.01884198982065 1.09545370827427 0.873387824478044 1.02411051670256 0.959659336523582 1.12302270720288 0.98691085089548 0.892497541827272 0.971864566607005 1.00170881886037 1.00534981210564 1.05554231955004 1.06078964394411 0.793092086197999 0.956048922400818 0.942573390220734 1.09368353365551 1.01581418039368 0.942934345750701 0.995192454298054 1.0739133330071
"A_3" 0.93941530192558 0.9944724180142 1.02235931109008 0.884110211300986 0.92143155632076 0.947993555405174 1.00882964885303 0.884110211300986 1.04097721046979 0.99679846286035 0.994684316907236 0.95099354738089 0.97077894462174 0 1.00382853582288 0.929554272631441 0.954504680694462 0.964062286311196 1.04336918532901 0.751424324913166 1.0387207237056 1.0801474624182 1.11952792462729 1.13805840008424 1.08687190917421 1.0706447409634 1.13269963542546 1.15541510512833 1.12932567243341 1.06731966319568 1.09146548760057 0.984235088073133 1.0629708543105 1.04415046696198 1.04782438032709 1.07892827656824 0.996421132835128 1.01152170157372 0.944330998418426 1.03511688652447 1.02932245558142 1.04164378649347 1.02961120649057 1.06531806005802 1.01405487101116 0.836896887479454 1.09296499446173 0.983434473759443 1.00680418867734 1.02525856412299 1.03933788850696 1.046933906841 0.940570063275157 1.0570591788673 0.997177139955811 1.01600686990408 1.06239037490012 0.937474694530443 1.03536752532996 1.0670581380221
"A_4" 0.711472599403397 0.901104135611635 0.819158243731831 0.861250012123589 0.835737721037174 0.875609542435838 0.938073116142377 0.861250012123589 0.939634989842095 0.769628823329513 0.969347505023901 0.80098367264579 1.10827687941144 1.00382853582288 0 0.787191280810495 0.934803084232136 0.830633722006675 0.918553616898476 0.948148260975914 0.972016886676188 1.15596527946 1.29448532182516 1.12156020467353 1.15959204669986 1.13433910472611 1.20138514735375 1.2752339149649 1.15004201561196 1.11130528216432 1.20856821879916 0.974844406974419 1.04695984176187 1.00420632311324 1.14164680176827 1.1703860988882 1.04244916672962 1.01467868235773 1.08630955959488 1.09869742436724 0.89145862379301 1.11333861574793 1.10390109537054 1.12690932846717 0.971749361627728 1.00227767116869 1.16974941087867 1.02598879696562 1.05617906991446 1.06319524212288 1.00174897560324 1.11963765367574 1.11490759233259 0.911133392593983 0.992782819851551 0.922214823522199 1.14210562670469 1.14636425857202 1.00355759405734 1.01534491291392
"A_5" 0.774621086412196 1.00423270433701 0.766654128165884 0.828113029879294 0.874578213585324 0.848613767450966 0.947370880268627 0.828113029879294 0.969267997969823 0.834209070022035 0.972970525518458 0.738800920381706 1.05323651283216 0.929554272631441 0.787191280810495 0 0.944378558123411 0.831545790444735 1.0472457854223 0.850394402776887 1.02389300720533 1.16163049577075 1.27469620663132 1.10324955520696 1.1545134429348 1.18772188472767 1.25150705621757 1.23354717844629 1.16439833028784 1.11071602340651 1.17315013805636 0.962997866490155 1.08371808674979 1.0721099425673 1.09470503263564 1.13483249269945 1.07497282851613 0.992085834847911 1.0668485935256 1.00773899980625 0.937064435787109 1.15030723755372 1.06311209331583 1.12364064404137 0.974292476543643 0.888646159924043 1.18285894510007 1.02276081908684 1.08339103847537 1.06828586383464 1.02454902723383 1.05628127930185 1.1904174426648 1.03271912499288 0.938218679371693 0.927297922927918 1.16300564571269 1.09982786769438 0.980397454702476 1.03271310885433
"A_6" 1.02003290623743 0.930364771146247 0.996976776379091 0.93358853839678 0.967316287855913 1.04412654084757 0.984955854505696 0.93358853839678 0.962373464859949 1.00895018736152 1.07815235611114 0.927181675767523 0.971674933816492 0.954504680694462 0.934803084232136 0.944378558123411 0 0.977088133319327 1.02201970191108 0.968253036830501 1.06671097193309 1.02376191317011 1.0300482609846 1.07538619070307 1.10270578631982 1.04188138975461 1.07229961644555 1.04592623032529 1.050588959699 1.04119520127021 1.06427988379825 1.07095730936211 1.01733254135945 1.05373762425548 1.0744709136623 1.08691973168213 0.962061249496145 0.937605439520038 1.044554489646 1.00485848667743 1.0073154335862 1.05129761903991 1.05430109734696 1.06898989283907 1.05774141140743 0.98237254667561 1.05385896534725 1.00239635836184 1.02143245707567 1.05468223716036 1.04167755845652 1.06804243470489 1.03252940587204 1.03918117142884 0.948167034747008 1.0411813670218 1.01631202144213 0.887742254891265 1.00968105968737 1.0787547328249
"A_7" 0.719137437035387 0.997835618762944 0.781621783528179 0.786956726765619 0.840125418857423 0.816003001732176 0.810138422383895 0.786956726765619 0.876277147638996 0.749306462341818 0.879022375436402 0.706146085816597 1.04983126177805 0.964062286311196 0.830633722006675 0.831545790444735 0.977088133319327 0 0.979121955432548 0.936999695508249 0.998416992351678 1.2782963416469 1.31563578866474 1.26496670778927 1.17711257385967 1.22071228565726 1.28587061361765 1.34960642849972 1.23056325884148 1.14752437809242 1.22753146557146 0.987812684611034 1.08537947305558 1.06865216164906 1.20425031581172 1.2166262439576 1.04526091098555 1.07663730771228 1.17644278847766 1.19051928562859 0.832657271537879 1.13836714638927 1.05445059864673 1.09032178345085 0.895437755563592 0.989655496651044 1.05230002802365 0.96285462885652 1.01814610254363 0.995391934142781 0.97641235013668 1.05176308974722 1.22314366850701 0.969207769107437 0.978942354699805 0.850469463336659 1.14262680604397 1.12757495335688 0.869696030223415 0.979128624720501
"A_8" 0.990938014265766 0.964609513265611 1.06564945587805 1.00816545219895 0.967176599389594 1.02673839898063 1.04707540871569 1.00816545219895 0.863202674542684 0.922095787907805 0.957286739159753 1.02277985120419 0.907058887045129 1.04336918532901 0.918553616898476 1.0472457854223 1.02201970191108 0.979121955432548 0 1.06887855469907 1.06362084773722 1.09645332663822 1.03745446261827 1.09583809399932 1.03501321360706 1.06906138165391 1.08645039678872 1.08546605032699 1.09455266661922 1.12082278660084 1.00822755682914 1.01509348234634 1.06574466369444 1.03084785583285 1.03555675888004 1.01228300130255 1.07033551808979 1.08515835294777 1.01820768178869 1.04318549180873 1.06925555766833 0.954656298137147 1.03275723660008 1.0400583614494 1.0369812254053 1.06100972602767 0.955691148611 0.956645764544696 1.01809340596625 1.05092571976491 1.03479651928868 0.950325443022372 1.05186040127084 0.821358324576591 1.07207466182773 1.00882415344598 0.915885700170816 1.02256834106608 1.06502427120231 0.939548413595238
"A_9" 0.880763147579723 0.945471478876667 0.801649342247854 0.820313284753839 0.971366192341594 0.848084084367236 0.898903078666883 0.820313284753839 0.93076377360091 0.91736366698279 0.863749239460957 0.838948031116586 1.04723464997734 0.751424324913166 0.948148260975914 0.850394402776887 0.968253036830501 0.936999695508249 1.06887855469907 0 1.10541102627945 1.19759249289122 1.176272824201 1.2007560054806 1.19917495491663 1.15990059433596 1.20331144770974 1.2138787698275 1.19425519053086 1.13140809741115 1.12902480014146 1.03966898691155 1.09635925391506 1.05490900763054 1.17693921866045 1.10801559317447 1.10893076774488 1.08896812107531 1.11031025005314 1.14804493599777 0.968281656090097 1.070316040218 1.04059132181345 1.07980747511715 0.925923348755828 0.856614220138053 1.05973235141771 0.971197085158353 1.04410793545795 1.00792560814154 0.940777518857942 1.0266277365072 1.00494385571907 1.01580905604459 1.08886565821538 0.820540061838172 1.07104477889355 1.00758798374367 1.00154203105427 1.02007734524782
"B_1" 0.991756381007585 1.10564456036435 1.06137341685731 1.04694152157519 0.973732243497469 0.969366938816088 1.06123973664636 1.04694152157519 1.03511739488582 0.926910321811322 1.04282568437052 0.986616504304624 1.13992577878826 1.0387207237056 0.972016886676188 1.02389300720533 1.06671097193309 0.998416992351678 1.06362084773722 1.10541102627945 0 1.03306173875255 0.970687411084958 0.865470305141328 0.876728072560881 0.950990862457608 0.991033087137925 0.986566121635033 0.877443686707381 0.57568186560229 0.893227729995917 0.972045880764077 1.00589306625862 0.856955486016392 0.984691572648214 0.998509972101367 0.921004130228732 0.887922252852735 0.986970611272315 0.83543079470958 1.06788906421694 1.1888934040662 1.10507568631783 1.13808254338086 1.00549391434143 1.16606892095359 1.14397052063049 1.0868006362124 1.09111561382733 1.11475004252724 1.05352231294249 1.07209336439695 1.17073802078546 1.02248418159591 1.19046712717686 0.997704465776186 1.12060476574389 1.05688339076163 1.10908822061989 1.08729877519593
"B_10" 1.30760987672681 1.12015892055629 1.20295985886025 1.25417432378353 1.15988811113105 1.23317632970983 1.22501176815617 1.25417432378353 1.24769797238968 1.37754992670964 1.1611063009075 1.26689260945927 0.95376175673909 1.0801474624182 1.15596527946 1.16163049577075 1.02376191317011 1.2782963416469 1.09645332663822 1.19759249289122 1.03306173875255 0 0.67083579789327 0.695540700785417 0.727843907773626 0.688204441620301 0.620009624285743 0.601091938105326 0.540769118639929 0.839412858269885 0.761760032202547 1.05669244894676 0.88761697114135 0.937469440317619 0.7475075023889 0.707934238908071 0.90797761028673 0.842414137583965 0.764604134326421 0.914217002110425 1.20020682343152 0.912665475416152 1.05665327951578 1.03892409824924 1.22800460147222 1.07116500863752 0.983695344369726 1.11008725313771 1.07726048553337 1.06663165760282 1.14322453091686 1.0584559087486 0.858590525703724 1.11063584677479 1.00922274319417 1.25884091769578 0.991688526884661 0.939020741628608 1.09165335282235 1.12260961786764
"B_11" 1.40350487621926 1.09607614330247 1.2378468990841 1.36232310719187 1.24681335383752 1.37051313491928 1.21465015811635 1.36232310719187 1.16412658658699 1.47021254812337 1.16088426471161 1.34952188278201 0.941168441762966 1.11952792462729 1.29448532182516 1.27469620663132 1.0300482609846 1.31563578866474 1.03745446261827 1.176272824201 0.970687411084958 0.67083579789327 0 0.72554021160926 0.688412399081925 0.65789752668076 0.599299464761961 0.453309051085535 0.615538550262438 0.756355704993844 0.609917665750095 0.984769712218597 0.840123160676976 0.888909337013178 0.695077942229326 0.624826094332774 0.871612345786675 0.910303275257213 0.771769305026908 0.759698565289132 1.2963416593218 0.859382269518993 1.0715518754548 1.02748461300642 1.20507843755075 1.12710876839068 0.889785139776837 1.05956159637001 1.03378018170805 1.02262186122477 1.18047215627284 1.04471604929705 0.842141555607383 1.12042867551459 0.993124081246272 1.27727413097616 0.965514316412884 0.95326329643868 1.10577341696172 1.1381176299735
"B_12" 1.27918504771816 1.10759530627222 1.08017767604158 1.24840045550319 1.20378184078903 1.30619502877573 1.19837548878248 1.24840045550319 1.20432985822942 1.33349472723776 1.16261753625872 1.24791246553733 1.03739775334527 1.13805840008424 1.12156020467353 1.10324955520696 1.07538619070307 1.26496670778927 1.09583809399932 1.2007560054806 0.865470305141328 0.695540700785417 0.72554021160926 0 0.738730068358904 0.703896119718224 0.638934824842938 0.614361897699455 0.658619034740435 0.707617245071465 0.654481345107124 1.0698911126459 0.947847280627997 0.777184261170322 0.86557695039217 0.823696451911368 0.864231787067546 0.925946251936952 0.764335142242558 0.782794154304736 1.26181726671612 0.951524374964786 1.09604914442922 1.04026925113098 1.24440977702336 1.1128697656486 0.894727085705872 1.07724167589048 1.08105959057782 1.09971920803516 1.15584948842578 1.0214172254213 0.919523362051101 1.16030291038004 0.990067318197674 1.2252043417392 0.981989928766617 1.03355171068148 1.06671690147163 1.09302424782563
"B_13" 1.23790030625112 1.08150337855841 1.17186564448657 1.26002192052696 1.16448013132178 1.24928962332759 1.17652063726969 1.26002192052696 1.1686762793327 1.22481230811317 1.11504216290705 1.17394180610737 1.05590857497561 1.08687190917421 1.15959204669986 1.1545134429348 1.10270578631982 1.17711257385967 1.03501321360706 1.19917495491663 0.876728072560881 0.727843907773626 0.688412399081925 0.738730068358904 0 0.775983815473375 0.65977874172085 0.58731353275367 0.633792229111232 0.791359345301507 0.617576871734207 0.941068505298144 0.897289035522067 0.907188232187053 0.73321558230121 0.860638603561306 0.740077807845856 0.81880461619253 0.830156180133088 0.739349058411688 1.19983189894129 1.01422750307279 1.11138094858763 1.0786625881382 1.12311338794423 1.10460548981928 1.05563518266157 1.16336548593905 1.14054550681123 1.08788944865108 1.13895661385603 1.07065535874921 1.00402843323917 1.17821993608602 1.10338226390851 1.19881998255241 1.07015316614806 1.06145270245297 1.13578608345249 1.11316370065729
"B_14" 1.31148864152612 1.12508989731857 1.17140727145922 1.22583030127613 1.15446892742264 1.23098902730098 1.18404002999342 1.22583030127613 1.18188771053524 1.3027755791416 1.13338606463201 1.22586976955479 1.03486643013482 1.0706447409634 1.13433910472611 1.18772188472767 1.04188138975461 1.22071228565726 1.06906138165391 1.15990059433596 0.950990862457608 0.688204441620301 0.65789752668076 0.703896119718224 0.775983815473375 0 0.653031501745682 0.621210976772089 0.713696764275465 0.874148673399137 0.763233215065521 0.955753351483009 0.900359185372258 0.963319626385755 0.758839643046998 0.723173152626051 0.901979651529006 0.812801318345493 0.66422848120645 0.78227135841572 1.23006956778554 0.97124247146652 1.07520126146267 1.05603324031183 1.18162237642132 1.12817301316156 1.04361768275838 1.06116634260734 1.10076940089725 1.04501024165476 1.16569707701391 1.06992059774281 0.943823198207136 1.13055893926475 1.02324339280247 1.21237022557242 1.02245181298966 1.02379184514205 1.13637237745579 1.14012127747046
"B_15" 1.33657007811038 1.11600595905292 1.20927150756744 1.32755659648847 1.17534874486566 1.25784373685223 1.20878913007282 1.32755659648847 1.16785267841362 1.40002865034616 1.17457825105052 1.32879640123244 1.00410851140942 1.13269963542546 1.20138514735375 1.25150705621757 1.07229961644555 1.28587061361765 1.08645039678872 1.20331144770974 0.991033087137925 0.620009624285743 0.599299464761961 0.638934824842938 0.65977874172085 0.653031501745682 0 0.661549669851664 0.698709056838145 0.780226644773418 0.637630674245984 1.01140043929988 0.914058044900281 0.970490209036955 0.782217356287748 0.77059578070454 0.819137678407678 0.910449327328352 0.648530207996108 0.762962393912829 1.18228386292042 0.909024916802714 1.01993186966715 1.05833399603022 1.13638162742005 1.10467112121484 0.907604674604778 1.11114982408876 1.12274541597579 1.05184369536408 1.05563687138164 1.05751046577008 0.88557410429619 1.145195504056 1.01798848563317 1.22628189008404 0.990662590855562 0.974185328703361 1.10189469362904 1.11217935881701
"B_16" 1.40623957846563 1.12152120098956 1.26869766617034 1.3415956893295 1.2397997957079 1.38588608828771 1.25342198974167 1.3415956893295 1.20583880296981 1.46089085612416 1.19063524409367 1.35627627525529 0.968163050744613 1.15541510512833 1.2752339149649 1.23354717844629 1.04592623032529 1.34960642849972 1.08546605032699 1.2138787698275 0.986566121635033 0.601091938105326 0.453309051085535 0.614361897699455 0.58731353275367 0.621210976772089 0.661549669851664 0 0.606467071942533 0.814121102570264 0.610402443559853 1.11434706200727 0.820073865592901 0.915861631393761 0.670756961814229 0.692742315465931 0.759600385821262 0.883176154661145 0.74210078164123 0.734183120423988 1.25880175874054 0.877609175192235 1.0483995582935 1.03107553788233 1.22873998761162 1.11051883396969 0.940397898275978 1.10507103371609 1.06269508977384 1.02375421555068 1.17719098567933 1.01954966616513 0.864408799782946 1.13477025994021 0.993618348231777 1.25518889796725 0.900703428486384 0.954541037194361 1.0872285779019 1.10595121453317
"B_17" 1.32188089602041 1.06324884390959 1.2237709107238 1.25853257506981 1.23852967692732 1.28366348790873 1.17926634254987 1.25853257506981 1.18173419968233 1.32722383727117 1.13160712186826 1.24343860966813 1.02136485622316 1.12932567243341 1.15004201561196 1.16439833028784 1.050588959699 1.23056325884148 1.09455266661922 1.19425519053086 0.877443686707381 0.540769118639929 0.615538550262438 0.658619034740435 0.633792229111232 0.713696764275465 0.698709056838145 0.606467071942533 0 0.731577778989018 0.789992157388558 1.07680099269656 0.935589394212307 0.806803093241256 0.779595756522845 0.638570551155828 0.938076145113045 0.897182287063004 0.843171601124506 0.873516505805608 1.2558573655576 0.975171113979519 1.04671590909735 1.06345096650014 1.19673119059843 1.10785201799309 1.00855564054927 1.09423631135449 1.11847522104821 1.07471491072824 1.13027015200218 1.02901214081623 0.899648987912404 1.12470487902228 1.05998597444605 1.20115175244498 1.02946491912749 1.01088752374998 1.10912595317336 1.11527607580185
"B_18" 1.20925083226342 1.08783384052324 1.19491979039676 1.20303384942842 1.14850981141278 1.20149978700109 1.13002959128457 1.20303384942842 1.15498067644585 1.16093533054294 1.11757041167626 1.16387213813613 1.07067116258588 1.06731966319568 1.11130528216432 1.11071602340651 1.04119520127021 1.14752437809242 1.12082278660084 1.13140809741115 0.57568186560229 0.839412858269885 0.756355704993844 0.707617245071465 0.791359345301507 0.874148673399137 0.780226644773418 0.814121102570264 0.731577778989018 0 0.881894353513046 1.01250870934022 0.960869765484789 0.753890840276003 0.904508125596767 0.840318282052825 0.980754210431329 0.901835017399288 0.901457464918378 0.887594013116769 1.1287957071595 1.00824722942351 1.05967882712219 1.06747296473651 1.1232471029133 1.12130306626659 1.0267437220741 1.06517331552117 1.04205386297423 1.09859812410309 1.09466200774896 1.01043588584781 1.0004485960024 1.12882882206937 1.04848713881685 1.14197001235799 0.996626795430943 0.98571404460429 1.06691208930722 1.10718105447253
"B_19" 1.32179083582562 1.03661728577207 1.18825026491667 1.27907776880612 1.17832515037537 1.30861381322753 1.18625407665948 1.27907776880612 1.10298446947824 1.33997260143288 1.10933104907708 1.22641240963993 0.931635946842856 1.09146548760057 1.20856821879916 1.17315013805636 1.06427988379825 1.22753146557146 1.00822755682914 1.12902480014146 0.893227729995917 0.761760032202547 0.609917665750095 0.654481345107124 0.617576871734207 0.763233215065521 0.637630674245984 0.610402443559853 0.789992157388558 0.881894353513046 0 1.00104476627229 0.837921139260996 0.879842929166849 0.763873632550418 0.881489112851657 0.834028800307103 0.936039849974026 0.760206455696634 0.689487022839961 1.24848528269746 1.00165281963684 1.07148761038196 1.05069597667164 1.17969477547834 1.05460775498883 0.979335891472113 1.12083634653466 1.07651174691497 1.07579357127425 1.16556732657157 1.02141927728258 0.933606839810068 1.17417559442952 1.06196315069867 1.22002474450413 1.00900363034972 0.99526413431014 1.1224766888092 1.14663210200864
"B_2" 0.776479154185809 1.018879613237 0.976140347907647 0.978311319582434 0.973377348278133 0.972902004303214 0.956007272927095 0.978311319582434 0.995790297627327 0.968857133672098 1.00989031074495 0.96427243476137 1.07240758993199 0.984235088073133 0.974844406974419 0.962997866490155 1.07095730936211 0.987812684611034 1.01509348234634 1.03966898691155 0.972045880764077 1.05669244894676 0.984769712218597 1.0698911126459 0.941068505298144 0.955753351483009 1.01140043929988 1.11434706200727 1.07680099269656 1.01250870934022 1.00104476627229 0 0.862827247290163 1.05236912779932 1.02105811882537 1.0053652587381 0.999843598839159 0.854904486688052 0.959354643217495 0.833996425351182 0.995117691734714 1.14832323411826 1.12130195045359 1.0578900433601 1.04651534470684 1.0909613687858 1.16353331595743 1.0448625234262 1.08533581206743 1.02872538217564 1.04018640516099 1.11504510997572 1.06609050756278 1.01682623877151 1.06212841605873 1.01392272192757 1.14361979177425 1.12407887355561 1.05658548070872 1.10125327197801
"B_20" 1.10707178877099 1.00328853044437 1.04806703935159 1.08554359022989 1.13237415627379 1.0800960963161 0.985358936259167 1.08554359022989 1.02512364924993 1.14535046597762 1.10733578660466 1.10777891262664 0.907184663552527 1.0629708543105 1.04695984176187 1.08371808674979 1.01733254135945 1.08537947305558 1.06574466369444 1.09635925391506 1.00589306625862 0.88761697114135 0.840123160676976 0.947847280627997 0.897289035522067 0.900359185372258 0.914058044900281 0.820073865592901 0.935589394212307 0.960869765484789 0.837921139260996 0.862827247290163 0 1.03240477785186 0.857621768734308 0.951552598759631 0.837648619528051 0.835522233713567 0.965801233527653 0.98091607447755 1.11593743135928 1.045269103579 1.10337492091606 1.09366713285408 1.09780803291625 1.09916386525963 1.05494059539551 1.06616515146064 1.03174048451858 1.0697652012243 1.13588414619187 1.1452830087353 0.764384148260954 1.03656612664562 1.03936973444597 1.13928559021531 1.06891321895317 1.07250905327578 1.08710102207194 1.10722206564715
"B_3" 1.08802920243447 0.953538182363292 1.06725062608235 1.09130326708997 1.07664240486183 1.09883467155781 1.06783686556485 1.09130326708997 1.07988506461929 1.12187519386314 0.995917775463484 1.08866778022216 1.00358461964609 1.04415046696198 1.00420632311324 1.0721099425673 1.05373762425548 1.06865216164906 1.03084785583285 1.05490900763054 0.856955486016392 0.937469440317619 0.888909337013178 0.777184261170322 0.907188232187053 0.963319626385755 0.970490209036955 0.915861631393761 0.806803093241256 0.753890840276003 0.879842929166849 1.05236912779932 1.03240477785186 0 0.996287586875951 0.895703180713433 0.97389192417391 1.01835028692383 1.0022861594487 0.974119929359726 1.13832750262275 1.05227925605075 1.01217845728859 1.08221886957672 1.09362417056264 1.08792994463777 1.00619610591313 1.03453991438864 1.06674457918886 1.06712781228675 1.08154884337849 0.96256360149586 0.99640432935662 1.04886746928285 1.06022889559068 1.09511461816171 1.06772461540604 1.02915873428333 1.09001573218929 1.0917842009106
"B_4" 1.23026518002012 0.969826678780599 1.17780194777933 1.19271233308756 1.14707938906996 1.21677230914628 1.1800476308848 1.19271233308756 1.05561898693688 1.16429204046551 1.14272503396095 1.17010898750864 1.00725071583954 1.04782438032709 1.14164680176827 1.09470503263564 1.0744709136623 1.20425031581172 1.03555675888004 1.17693921866045 0.984691572648214 0.7475075023889 0.695077942229326 0.86557695039217 0.73321558230121 0.758839643046998 0.782217356287748 0.670756961814229 0.779595756522845 0.904508125596767 0.763873632550418 1.02105811882537 0.857621768734308 0.996287586875951 0 0.828228837766365 0.781424084136913 0.874212509731172 0.906225728493987 0.842492203827688 1.1215970109856 1.03090313971764 1.04222113131703 0.993461324103649 1.11379780336279 1.0753811240986 1.07398737428728 1.09802599255178 1.03079512274917 1.11405792961539 1.0974300035841 1.0666279299415 1.01132203944882 1.1218157822199 1.0907205839524 1.18189604227144 1.0063320888304 1.06759492623171 1.13606970344174 1.11302261544379
"B_5" 1.27605398624751 1.06726088190884 1.15577211190947 1.22903877684554 1.10138744213164 1.25865621025544 1.08438226947226 1.22903877684554 1.13529158433403 1.27276321356931 1.08665345168882 1.23548898726358 1.00821795585113 1.07892827656824 1.1703860988882 1.13483249269945 1.08691973168213 1.2166262439576 1.01228300130255 1.10801559317447 0.998509972101367 0.707934238908071 0.624826094332774 0.823696451911368 0.860638603561306 0.723173152626051 0.77059578070454 0.692742315465931 0.638570551155828 0.840318282052825 0.881489112851657 1.0053652587381 0.951552598759631 0.895703180713433 0.828228837766365 0 1.03237782048228 0.9862922128573 0.865415163027681 0.900108050775812 1.1980394381801 0.951174379761431 0.989359518267164 1.04719953458997 1.15868520908668 1.08600825422198 0.985895948720191 1.09103203215195 1.06112441532552 0.997640481275622 1.1045745601467 1.00543538210344 0.866234967096571 1.14982554490081 1.05683532196858 1.13243189756831 1.02253101608263 0.891444534716764 1.07604956503871 1.10277152543036
"B_6" 1.07867733447739 1.06795839414424 1.07897193250935 1.05921565321906 1.06217233434626 1.018302980325 1.0940377858125 1.05921565321906 1.09985531807984 1.10293646552154 1.10116744444868 1.0226737843048 1.12483942515744 0.996421132835128 1.04244916672962 1.07497282851613 0.962061249496145 1.04526091098555 1.07033551808979 1.10893076774488 0.921004130228732 0.90797761028673 0.871612345786675 0.864231787067546 0.740077807845856 0.901979651529006 0.819137678407678 0.759600385821262 0.938076145113045 0.980754210431329 0.834028800307103 0.999843598839159 0.837648619528051 0.97389192417391 0.781424084136913 1.03237782048228 0 0.908616347639398 0.993086775397115 0.738846235652459 1.05394880159904 1.08032496013591 1.11697775267845 1.0816400281349 1.11713979173501 1.08169753769573 1.09510765761252 1.11622984134239 1.1047973793354 1.12713378548383 1.09399286608962 1.09922109102753 1.06827186902594 1.126109770942 1.0854017014899 1.13598832352313 1.07266527016518 1.12638391811051 1.07642971964648 1.07191790649114
"B_7" 1.04617842423068 1.02211630247057 1.01241244979071 1.08840856423719 1.04051796521188 1.09791319608456 1.03694981287795 1.08840856423719 1.04259335881996 1.07730724407906 1.03930743835788 1.09447440557667 1.024865940522 1.01152170157372 1.01467868235773 0.992085834847911 0.937605439520038 1.07663730771228 1.08515835294777 1.08896812107531 0.887922252852735 0.842414137583965 0.910303275257213 0.925946251936952 0.81880461619253 0.812801318345493 0.910449327328352 0.883176154661145 0.897182287063004 0.901835017399288 0.936039849974026 0.854904486688052 0.835522233713567 1.01835028692383 0.874212509731172 0.9862922128573 0.908616347639398 0 0.918032797225135 0.913506142495848 1.11836789809689 1.11074020718171 1.12443707405751 1.10713216038611 1.09020580439765 1.1368455391155 1.15879067587752 1.07927116078318 1.10431933105555 1.08539145305584 1.11428144045694 1.05367533174611 1.0745673816211 1.07634284926877 1.07761801114221 1.08355326264036 1.03865740806866 1.04083093243538 1.11204000689631 1.14678839192754
